834	835	0
836	837	0
838	839	0
840	841	0
836	842	1
843	844	1
845	846	0
847	840	2
848	849	0
851	852	0
853	854	1
851	855	0
835	856	1
857	858	0
859	860	1
854	841	0
861	862	1
853	863	1
836	864	0
854	863	0
865	841	1
865	839	0
853	851	1
866	867	0
850	854	1
857	853	0
860	869	0
870	850	0
836	860	1
859	869	0
871	844	1
835	846	0
839	852	1
857	850	0
844	849	0
847	857	1
838	853	0
837	860	1
872	873	1
837	864	0
854	874	1
865	875	1
876	868	1
877	878	0
851	875	0
849	880	1
852	877	1
870	851	0
879	881	1
872	871	1
847	865	0
849	867	0
869	882	1
837	842	1
880	883	1
850	853	0
852	843	0
847	850	0
870	839	0
851	874	1
848	867	0
850	858	0
854	852	1
836	882	1
865	855	1
850	840	1
865	854	1
837	868	1
850	839	0
884	877	1
870	865	0
840	839	0
869	864	0
851	839	0
884	871	2
870	838	0
872	844	1
856	885	0
866	886	2
859	842	2
843	872	0
845	835	0
873	848	1
887	862	1
885	881	1
841	839	0
838	875	1
859	864	0
841	874	1
879	888	1
855	874	1
853	875	1
843	877	1
876	882	1
876	842	1
856	888	1
873	844	1
878	848	1
870	875	0
834	856	1
837	869	1
847	858	0
857	870	1
838	855	1
859	882	1
837	882	1
838	858	0
871	878	1
858	841	1
850	851	1
873	867	0
889	883	1
843	871	0
870	853	0
878	866	1
875	839	0
847	870	1
841	863	0
868	864	0
853	855	1
858	853	0
852	872	0
850	863	0
857	838	0
855	839	0
853	841	1
870	841	0
840	853	0
841	852	1
863	852	1
838	865	0
880	889	0
878	849	2
868	869	0
871	873	1
876	864	0
852	874	1
855	852	2
880	886	1
864	882	1
848	880	2
888	881	1
851	841	0
888	885	0
878	844	1
854	839	0
874	843	0
840	875	0
859	876	0
876	860	1
870	858	0
879	885	0
838	840	1
850	855	1
842	864	0
875	855	1
865	851	1
865	858	1
860	864	0
849	886	1
845	856	1
834	846	0
859	837	0
874	871	0
852	871	0
878	867	0
840	851	1
839	874	1
858	875	1
884	844	1
842	882	1
875	852	1
863	874	1
874	884	0
870	840	0
840	863	0
868	882	1
872	884	1
870	863	0
844	867	0
840	854	0
858	839	0
851	854	0
866	880	0
847	838	0
836	876	0
851	863	0
872	877	1
842	869	0
858	855	1
839	863	1
841	855	1
858	854	1
870	854	0
858	851	1
876	869	1
846	856	1
875	863	0
850	838	2
871	877	1
867	886	1
857	865	0
870	855	0
862	857	1
860	842	0
873	878	0
855	863	0
866	849	0
875	841	0
840	858	0
2500	2501	2
2502	2503	0
2504	2505	1
2506	2507	0
2508	2509	1
2510	2503	0
2511	2512	0
2513	2514	1
2516	2517	1
2511	2518	0
2513	2519	0
2520	2521	0
2514	2519	0
2522	2521	1
2502	2522	0
2502	2519	0
2518	2516	1
2515	2522	0
2511	2509	2
2515	2519	0
2523	2524	1
2518	2525	1
2519	2521	1
2526	2521	0
2527	2528	0
2514	2503	0
2515	2502	1
2512	2517	1
2529	2505	1
2525	2516	0
2508	2530	1
2531	2514	1
2532	2529	1
2505	2524	2
2515	2514	1
2511	2508	0
2519	2522	1
2504	2523	1
2508	2505	1
2532	2525	1
2533	2510	1
2534	2501	1
2529	2517	1
2535	2500	0
2511	2536	0
2520	2513	0
2525	2504	1
2537	2534	2
2531	2533	1
2536	2517	1
2537	2501	1
2536	2512	0
2513	2510	1
2538	2527	1
2518	2509	1
2510	2538	0
2530	2504	1
2537	2500	1
2520	2531	0
2516	2512	1
2510	2506	0
2520	2502	1
2511	2532	0
2526	2519	0
2520	2514	0
2539	2540	0
2532	2512	1
2531	2522	1
2513	2526	1
2505	2523	0
2541	2528	0
2531	2502	1
2512	2504	1
2512	2505	1
2520	2515	0
2530	2523	1
2515	2510	1
2514	2526	1
2516	2529	1
2526	2510	1
2533	2502	1
2538	2506	1
2502	2538	0
2522	2538	0
2536	2532	0
2510	2541	0
2502	2521	0
2516	2509	1
2542	2540	0
2515	2526	1
2525	2508	1
2506	2528	0
2510	2521	0
2535	2534	0
2530	2505	1
2531	2510	1
2503	2538	0
2525	2517	1
2511	2516	0
2516	2505	1
2503	2521	1
2536	2518	0
2531	2526	1
2519	2541	1
2518	2529	1
2525	2530	1
2540	2535	1
2520	2522	0
2500	2534	0
2532	2516	1
2525	2505	1
2529	2509	1
2533	2522	0
2516	2530	1
2526	2503	0
2514	2502	1
2528	2507	1
2503	2541	1
2536	2508	1
2521	2541	1
2514	2522	0
2529	2530	1
2518	2512	1
2510	2522	0
2526	2502	1
2520	2510	1
2516	2504	1
2513	2521	1
2513	2533	2
2519	2503	1
2514	2510	1
2542	2535	0
2522	2506	1
2522	2503	1
2513	2502	1
2510	2519	0
2503	2506	1
2526	2533	0
2536	2509	1
2530	2524	1
2518	2517	1
2531	2521	1
2539	2535	0
2515	2531	0
2539	2542	0
2504	2524	1
2518	2532	1
2517	2505	1
2502	2510	0
2511	2529	0
2536	2525	0
2520	2526	1
2514	2533	0
2532	2508	1
2531	2503	1
2532	2517	1
2525	2509	1
2538	2507	1
2520	2533	0
2532	2509	1
2520	2519	0
2512	2530	1
2514	2521	0
2519	2538	2
2512	2509	1
2541	2527	0
2513	2522	0
2515	2521	1
2521	2506	1
2509	2505	1
2522	2541	1
2502	2506	0
2511	2525	0
2529	2504	1
2337	2338	1
2339	2340	0
2341	2342	2
2343	2344	1
2341	2345	0
2346	2347	0
2348	2349	0
2350	2349	0
2351	2352	1
2342	2345	0
2353	2354	1
2357	2358	0
2359	2360	0
2357	2363	0
2339	2364	1
2365	2366	0
2367	2363	1
2368	2369	1
2370	2371	0
2372	2373	0
2340	2354	1
2337	2374	0
2375	2376	0
2377	2378	1
2379	2380	1
2376	2381	1
2382	2350	1
2368	2383	1
2384	2385	0
2386	2387	0
2388	2389	1
2390	2337	1
2391	2362	1
2392	2393	1
2394	2395	1
2396	2397	0
2391	2399	1
2395	2381	0
2375	2381	0
2400	2401	1
2402	2403	1
2340	2356	1
2407	2353	0
2388	2380	1
2408	2409	1
2381	2403	1
2395	2402	0
2379	2350	1
2407	2397	1
2383	2410	1
2374	2352	1
2389	2348	1
2411	2412	1
2413	2367	1
2414	2415	1
2400	2373	0
2405	2409	0
2373	2413	1
2341	2416	1
2417	2418	0
2419	2376	0
2420	2394	0
2349	2387	1
2350	2383	1
2421	2411	1
2350	2422	0
2380	2368	0
2361	2399	1
2423	2400	1
2339	2355	1
2387	2410	1
2420	2376	0
2424	2391	0
2363	2420	1
2379	2348	1
2394	2402	1
2425	2339	0
2406	2420	1
2385	2390	1
2346	2351	1
2426	2352	1
2373	2367	1
2391	2398	1
2349	2383	1
2361	2424	0
2427	2428	1
2429	2423	0
2343	2409	1
2422	2387	0
2422	2410	1
2348	2368	0
2410	2430	0
2350	2380	1
2432	2359	1
2424	2362	1
2373	2357	1
2356	2433	1
2375	2402	0
2393	2416	1
2434	2390	1
2407	2364	1
2398	2393	1
2368	2410	1
2419	2381	0
2382	2380	1
2358	2427	0
2351	2426	0
2436	2437	0
2347	2438	1
2348	2387	0
2349	2410	1
2349	2368	1
2353	2340	1
2410	2369	2
2413	2357	1
2369	2430	0
2354	2433	1
2353	2356	1
2355	2340	0
2407	2425	1
2397	2353	0
2415	2384	1
2359	2421	0
2385	2439	1
2440	2438	1
2431	2432	0
2358	2420	1
2372	2401	1
2424	2398	1
2342	2418	1
2401	2367	1
2428	2420	1
2368	2422	1
2355	2354	1
2365	2442	0
2408	2405	1
2383	2369	1
2388	2382	0
2361	2391	0
2350	2368	0
2399	2392	0
2345	2443	0
2362	2392	0
2376	2395	1
2380	2422	0
2434	2444	1
2441	2433	1
2389	2380	1
2366	2435	1
2349	2422	1
2440	2437	1
2350	2386	1
2399	2398	0
2430	2414	2
2348	2350	0
2389	2379	1
2346	2374	0
2430	2445	1
2432	2360	2
2402	2381	0
2352	2436	1
2367	2427	0
2380	2387	0
2409	2344	1
2388	2379	1
2338	2352	1
2442	2370	1
2362	2393	1
2351	2374	0
2434	2439	1
2420	2419	1
2380	2386	1
2446	2447	0
2339	2353	0
2340	2441	1
2358	2428	1
2367	2428	1
2396	2339	0
2427	2420	1
2377	2404	1
2348	2422	0
2347	2436	1
2448	2365	1
2401	2357	1
2442	2366	1
2425	2340	0
2446	2448	0
2449	2446	0
2450	2359	0
2368	2387	1
2383	2387	0
2393	2342	0
2429	2451	1
2360	2411	1
2358	2363	1
2389	2382	0
2450	2421	0
2393	2417	2
2451	2400	0
2452	2412	1
2376	2402	1
2348	2380	1
2396	2407	0
2407	2355	1
2354	2356	0
2416	2418	0
2337	2426	1
2345	2431	1
2374	2347	1
2380	2349	0
2404	2409	0
2399	2362	0
2417	2345	0
2425	2353	0
2338	2347	0
2386	2383	0
2454	2365	1
2341	2418	1
2353	2364	1
2416	2345	0
2341	2417	1
2453	2455	1
2377	2456	1
2422	2369	1
2386	2349	0
2374	2426	1
2404	2408	0
2407	2339	1
2416	2342	0
2388	2348	1
2418	2345	0
2389	2386	1
2338	2351	1
2397	2364	1
2338	2374	0
2447	2448	1
2343	2405	1
2365	2370	0
2400	2372	1
2397	2355	1
2355	2364	1
2388	2350	1
2348	2386	1
2404	2343	0
2447	2454	0
2388	2386	1
2382	2386	1
2372	2413	1
2347	2440	1
2389	2350	1
2403	2378	1
2423	2372	1
2371	2435	1
2340	2364	1
2391	2392	1
2450	2360	0
2363	2428	1
2416	2417	0
2427	2363	1
2443	2431	1
2370	2366	0
2378	2404	1
2350	2387	0
2353	2355	1
2432	2421	2
2403	2456	1
2419	2402	0
2393	2418	0
2426	2347	0
2424	2399	1
2444	2390	0
2337	2346	1
2346	2426	0
2451	2423	0
2408	2344	1
2352	2438	1
2406	2428	1
2424	2392	1
2382	2379	1
2456	2404	1
2338	2426	0
3287	3288	0
3291	3292	0
3293	3294	1
3299	3300	1
3303	3304	1
3307	3294	1
3294	3308	1
3309	3308	1
3303	3310	1
3311	3307	1
3312	3313	1
3299	3294	2
3314	3315	1
3316	3317	0
3318	3319	2
3320	3312	0
3324	3299	1
3311	3325	0
3325	3307	1
3326	3320	0
3324	3327	1
3328	3329	1
3318	3330	0
3308	3331	1
3293	3333	1
3334	3335	1
3336	3333	1
3337	3338	1
3306	3339	2
3340	3338	1
3309	3299	1
3341	3342	1
3294	3333	1
3326	3344	0
3296	3345	1
3346	3347	1
3348	3330	0
3329	3298	0
3349	3317	1
3290	3350	1
3333	3351	0
3309	3333	1
3313	3329	1
3353	3354	0
3337	3340	1
3321	3355	1
3356	3342	1
3357	3332	1
3328	3297	1
3351	3331	1
3338	3346	1
3294	3300	1
3360	3331	1
3361	3316	1
3338	3288	0
3362	3363	0
3364	3303	2
3365	3311	1
3366	3367	0
3368	3369	1
3306	3370	1
3371	3372	0
3333	3360	1
3319	3330	0
3350	3374	1
3343	3313	1
3361	3317	0
3299	3351	0
3354	3337	1
3375	3376	0
3371	3377	1
3370	3378	1
3293	3300	1
3339	3370	1
3371	3379	1
3299	3336	0
3380	3304	1
3379	3377	0
3293	3336	0
3311	3327	1
3368	3316	1
3324	3336	0
3367	3305	1
3335	3382	0
3310	3383	1
3309	3351	0
3368	3361	1
3351	3360	1
3293	3351	0
3300	3331	1
3325	3327	1
3331	3334	0
3300	3333	1
3307	3327	1
3327	3363	0
3374	3386	0
3294	3351	0
3294	3336	0
3373	3372	0
3308	3360	1
3329	3297	0
3310	3380	0
3299	3308	1
3307	3299	1
3382	3303	0
3307	3324	1
3288	3347	1
3292	3359	1
3369	3361	1
3360	3364	1
3300	3308	1
3311	3363	0
3304	3383	1
3324	3294	1
3293	3308	1
3324	3309	2
3381	3291	1
3365	3325	2
3354	3388	1
3368	3349	0
3322	3302	1
3300	3351	0
3293	3299	1
3307	3293	1
3368	3317	1
3389	3295	1
3311	3324	1
3364	3382	1
3309	3336	0
3327	3309	0
3327	3294	1
3390	3391	1
3309	3300	1
3378	3355	1
3331	3364	1
3366	3339	0
3332	3344	0
3311	3362	1
3382	3304	1
3369	3316	1
3312	3328	1
3330	3384	1
3333	3331	1
3369	3349	0
3382	3310	1
3366	3306	0
3341	3392	1
3334	3382	1
3358	3291	1
3374	3393	2
3336	3300	1
3340	3287	1
3362	3325	0
3370	3321	1
3377	3372	0
3369	3317	1
3394	3367	0
3382	3380	0
3381	3359	1
3308	3351	0
3361	3349	0
3307	3336	1
3299	3333	1
3356	3395	2
3312	3343	1
3379	3372	0
3395	3392	1
3384	3396	1
3342	3392	0
3326	3323	0
3395	3341	0
3291	3359	0
3349	3316	1
3307	3363	0
3373	3379	1
3360	3334	0
3363	3299	1
3355	3301	0
3390	3356	1
3385	3367	0
3346	3288	0
3309	3293	1
3387	3390	0
3380	3383	1
3386	3393	1
3331	3335	1
3336	3308	1
3350	3386	1
3352	3345	1
3308	3333	1
3394	3366	1
3360	3335	1
3325	3324	1
3353	3388	0
3327	3336	0
3385	3366	1
3363	3309	1
3321	3378	1
3345	3365	0
3363	3294	1
3363	3336	1
3363	3293	1
3376	3391	1
3309	3294	1
3364	3334	0
3322	3301	1
3327	3293	1
3335	3303	0
3393	3375	1
2136	2137	2
2138	2139	1
2140	2141	0
2142	2143	1
2144	2145	1
2148	2149	1
2148	2150	0
2151	2152	0
2140	2153	0
2154	2155	1
2156	2157	0
2155	2158	0
2142	2156	1
2159	2160	1
2138	2161	1
2147	2162	1
2155	2163	0
2141	2164	1
2165	2166	1
2167	2136	1
2168	2169	1
2152	2154	2
2170	2151	1
2171	2152	0
2172	2173	0
2174	2146	1
2175	2157	0
2173	2150	0
2171	2154	0
2153	2178	0
2158	2163	1
2179	2149	0
2150	2149	1
2165	2180	1
2155	2141	0
2141	2153	1
2163	2153	1
2138	2137	2
2161	2174	0
2156	2154	0
2148	2181	1
2182	2183	0
2184	2142	1
2166	2170	0
2170	2142	1
2173	2148	1
2185	2186	1
2184	2171	1
2141	2187	1
2188	2189	2
2183	2190	1
2164	2187	0
2191	2139	1
2173	2181	1
2157	2159	0
2184	2175	1
2167	2138	1
2143	2154	0
2192	2152	0
2149	2188	1
2143	2152	0
2153	2160	1
2192	2142	1
2136	2174	0
2192	2154	0
2170	2143	1
2147	2145	1
2181	2179	1
2190	2177	1
2155	2157	0
2146	2162	1
2167	2161	1
2136	2138	2
2162	2145	1
2175	2194	0
2189	2167	1
2195	2193	1
2168	2170	0
2154	2158	0
2159	2153	1
2172	2185	0
2196	2173	1
2173	2179	1
2165	2169	1
2144	2195	1
2159	2141	1
2140	2160	0
2196	2179	1
2175	2158	0
2172	2197	0
2194	2140	1
2159	2164	1
2160	2164	1
2191	2138	1
2165	2168	1
2155	2194	0
2177	2180	0
2190	2176	1
2152	2158	0
2196	2181	1
2166	2169	1
2190	2165	0
2184	2143	1
2157	2141	0
2163	2164	1
2181	2149	1
2171	2175	1
2197	2173	0
2150	2179	1
2177	2168	0
2156	2194	0
2192	2184	0
2185	2173	1
2152	2156	1
2159	2187	1
2177	2165	0
2136	2139	1
2198	2195	1
2158	2159	0
2199	2148	0
2167	2139	1
2163	2187	1
2200	2186	0
2157	2140	1
2182	2176	1
2176	2165	0
2180	2170	0
2180	2169	1
2186	2196	0
2194	2159	0
2167	2191	0
2193	2176	1
2151	2171	0
2186	2197	1
2169	2170	0
2153	2164	1
2194	2163	1
2142	2152	0
2171	2143	1
2164	2178	0
2187	2178	1
2153	2187	0
2140	2163	0
2140	2187	0
2174	2137	1
2159	2140	1
2136	2161	1
2191	2161	1
2191	2136	1
2137	2146	1
2145	2195	1
2142	2154	0
2173	2199	1
2154	2157	2
2200	2172	1
2141	2163	1
2156	2175	0
2157	2158	0
2152	2175	1
2199	2181	0
2155	2159	0
2139	2137	0
2183	2176	1
2197	2196	0
2184	2156	1
2200	2197	0
2157	2194	0
2185	2197	1
2168	2180	0
2163	2160	1
2185	2196	2
2138	2174	0
2142	2151	1
2152	2157	2
2197	2199	1
2154	2194	0
2172	2196	0
2170	2171	1
2152	2155	1
2196	2199	1
2172	2186	0
1470	1471	0
1472	1473	0
1474	1475	1
1478	1479	0
1480	1481	0
1482	1483	1
1479	1484	1
1485	1486	1
1487	1488	1
1489	1476	0
1489	1477	0
1483	1490	1
1491	1492	0
1493	1494	0
1495	1496	0
1487	1498	1
1472	1498	1
1480	1472	0
1499	1487	0
1500	1491	1
1472	1501	1
1472	1502	1
1503	1476	1
1504	1476	1
1476	1505	1
1506	1500	0
1497	1488	0
1507	1475	1
1507	1508	1
1471	1507	0
1509	1472	0
1510	1511	0
1512	1470	0
1513	1511	0
1514	1488	0
1505	1487	0
1514	1497	2
1498	1502	1
1477	1497	1
1481	1515	0
1502	1510	1
1496	1491	1
1516	1495	1
1501	1513	2
1476	1499	1
1488	1480	1
1497	1487	0
1507	1474	0
1496	1492	1
1516	1496	0
1478	1517	0
1477	1488	2
1518	1482	1
1519	1510	1
1520	1485	0
1514	1487	0
1481	1501	1
1521	1516	1
1477	1509	1
1504	1497	1
1499	1497	1
1498	1501	1
1523	1518	1
1499	1509	1
1473	1513	1
1473	1515	1
1491	1524	0
1470	1493	0
1501	1510	1
1502	1513	0
1476	1514	1
1525	1521	0
1513	1519	1
1526	1527	1
1490	1528	2
1486	1527	1
1525	1495	1
1522	1521	0
1502	1501	0
1521	1495	1
1513	1510	1
1490	1520	1
1487	1481	2
1503	1505	1
1529	1512	1
1510	1479	0
1514	1505	2
1480	1515	0
1493	1474	0
1503	1514	1
1480	1498	0
1482	1530	1
1520	1531	1
1472	1515	2
1504	1499	1
1505	1477	0
1505	1497	2
1493	1507	0
1525	1506	0
1519	1478	1
1511	1517	1
1532	1529	1
1504	1505	1
1479	1511	0
1514	1499	0
1480	1473	0
1481	1473	0
1531	1486	2
1504	1477	1
1487	1472	0
1509	1481	0
1489	1503	0
1511	1484	1
1530	1483	0
1515	1513	1
1488	1472	0
1522	1525	1
1529	1533	0
1480	1501	0
1471	1494	0
1502	1515	0
1509	1498	0
1533	1512	1
1481	1502	1
1470	1494	0
1504	1514	1
1508	1518	1
1477	1499	1
1488	1498	2
1503	1499	1
1515	1510	1
1481	1498	1
1513	1478	1
1474	1508	1
1489	1504	0
1495	1500	0
1532	1524	1
1477	1487	0
1501	1519	1
1494	1507	0
1515	1519	1
1473	1501	1
1498	1473	0
1524	1529	1
1530	1490	1
1473	1519	1
1517	1534	0
1473	1510	1
1523	1482	1
1528	1531	1
1486	1526	0
1505	1488	0
1506	1496	0
1515	1501	1
1500	1492	1
1509	1488	0
1531	1485	0
1479	1517	1
1502	1519	0
1503	1497	1
1476	1497	1
1504	1503	1
53	54	1
55	56	1
57	58	0
59	60	1
61	62	1
63	64	1
65	56	1
66	67	0
68	69	1
70	67	0
71	72	2
65	64	1
73	74	1
58	74	1
55	63	1
76	77	0
78	62	1
79	80	1
81	73	0
82	61	0
83	84	1
85	86	0
89	90	0
91	92	1
59	85	1
93	57	1
75	94	0
95	96	0
75	67	0
62	73	0
92	99	0
100	58	0
101	65	1
103	104	2
90	107	1
111	112	1
106	113	1
114	115	1
117	118	1
119	120	2
121	122	1
68	123	1
125	119	1
101	55	1
56	64	1
123	116	1
65	55	1
119	126	1
127	128	1
92	129	0
130	123	1
131	103	2
77	132	1
129	133	0
71	77	1
134	135	1
136	98	1
139	77	1
102	64	1
117	140	2
141	100	1
142	95	1
57	61	0
60	127	1
56	63	1
102	63	1
143	141	1
89	59	0
93	141	1
90	59	0
134	144	0
93	82	1
145	68	0
93	100	1
89	85	1
139	71	0
106	98	1
147	94	0
138	133	0
70	147	0
124	112	2
102	55	0
116	91	0
58	78	1
90	60	1
122	68	0
53	148	0
136	113	1
137	92	1
149	150	1
122	145	0
134	151	1
67	94	0
73	152	1
133	115	1
153	121	0
123	137	1
154	118	1
61	78	1
141	57	0
111	141	1
71	76	1
87	155	0
111	156	1
122	130	0
114	96	1
81	62	1
74	152	0
112	141	1
77	72	0
143	93	1
79	102	1
58	62	1
54	59	0
143	112	1
58	152	1
107	86	0
140	118	1
82	81	0
139	132	1
70	75	1
81	58	0
71	132	1
145	130	0
123	69	1
61	73	0
60	128	1
157	66	0
144	135	1
114	95	1
158	106	1
155	88	1
134	159	1
111	93	1
142	115	1
107	128	1
79	65	1
81	78	1
78	73	0
61	81	1
120	158	1
98	124	1
89	107	1
61	74	1
129	99	0
87	160	0
60	85	1
129	138	0
79	101	0
159	135	1
145	69	1
161	157	1
80	63	1
69	137	1
131	162	1
59	107	1
100	61	0
141	82	0
151	135	1
85	127	1
133	142	1
101	80	1
69	116	1
124	143	0
80	64	1
127	86	0
81	74	1
82	58	0
115	95	1
108	92	1
152	139	1
135	125	0
110	162	1
126	120	0
62	152	0
99	133	0
61	58	0
79	55	1
123	91	1
130	68	0
69	91	1
91	137	1
154	140	1
124	111	0
100	82	0
133	114	1
73	139	1
93	156	0
155	160	0
156	100	1
102	80	2
55	64	1
117	154	0
136	106	0
159	144	0
144	151	1
151	119	1
101	102	1
66	70	0
2925	2926	0
2927	2928	1
2929	2930	1
2929	2931	1
2932	2933	0
2934	2935	1
2936	2937	1
2929	2938	1
2939	2925	1
2936	2942	1
2943	2944	1
2928	2932	0
2947	2948	1
2949	2929	1
2950	2949	0
2934	2951	1
2955	2956	1
2957	2958	0
2959	2941	1
2940	2960	2
2962	2953	1
2965	2955	1
2966	2931	1
2947	2967	1
2968	2927	1
2969	2927	1
2937	2970	0
2970	2952	1
2971	2972	1
2932	2973	1
2929	2966	1
2955	2974	1
2976	2934	0
2977	2974	1
2978	2979	1
2938	2966	1
2935	2955	1
2925	2980	0
2981	2934	1
2981	2951	1
2971	2982	1
2938	2930	1
2949	2930	1
2983	2962	1
2984	2985	1
2984	2986	0
2940	2984	0
2967	2987	0
2974	2970	1
2959	2960	1
2931	2930	1
2990	2953	1
2932	2983	1
2951	2965	0
2936	2991	1
2956	2937	1
2987	2992	1
2993	2927	1
2935	2956	1
2994	2967	1
2995	2996	1
2997	2957	1
2974	2956	1
2930	2998	1
2994	2948	2
2967	2948	0
2934	2955	1
2969	2999	1
2961	2944	1
2949	2938	1
2968	2999	1
2954	3000	0
2982	2964	1
2974	2936	1
2941	2986	0
2990	2988	1
2966	2998	1
2959	2940	1
2943	2946	0
2992	2929	1
3001	3002	1
2969	2968	1
2986	2985	1
2971	2963	1
2958	2941	1
2927	3003	0
2964	2975	1
2941	2984	0
2982	2975	1
2999	2932	1
2977	2956	1
2968	3003	2
2994	2987	0
2969	2993	1
2972	2982	0
2926	3004	1
2988	2954	0
2965	2977	1
2946	2944	1
2958	2940	1
2969	3003	1
3005	2969	0
2927	2932	1
2935	2974	1
2940	2986	0
2931	3001	0
2938	2931	1
2938	2998	1
2976	2965	0
2928	2983	0
2966	2930	1
2951	2955	1
2999	2928	1
2974	2937	1
2948	2950	1
2927	2999	2
2953	2988	1
2933	2962	1
2947	2994	1
2975	2943	1
2999	3003	0
2928	2933	0
2970	2991	1
2957	2959	0
2934	2977	1
2928	2973	2
3005	2968	0
2949	2966	1
2958	2959	0
2937	2991	1
2944	2995	1
2981	2965	1
2974	2952	1
2987	2948	1
2960	2984	0
3003	2928	1
2982	2963	1
2975	2945	0
2993	2999	1
2949	2931	1
2987	2950	1
2977	2955	1
2945	2944	1
2951	2977	1
2992	2950	1
2936	2970	0
2947	2987	0
2962	2988	1
2989	3000	0
2948	2992	1
2973	2933	0
3004	2997	1
2942	2970	0
2993	2968	1
2931	2998	1
2942	2991	1
2960	2986	0
2951	2935	1
2993	3003	1
3006	2939	0
2976	2981	0
2965	2935	1
2974	2942	1
2643	2644	0
2645	2646	0
2647	2648	1
2649	2650	1
2651	2652	0
2653	2654	1
2655	2656	0
2657	2658	1
2659	2660	1
2663	2648	1
2664	2661	1
2667	2668	0
2668	2670	1
2661	2671	0
2673	2674	0
2675	2674	0
2676	2670	1
2677	2678	1
2647	2679	1
2680	2643	1
2647	2663	1
2661	2681	0
2683	2684	1
2685	2686	1
2672	2687	1
2679	2688	1
2691	2648	1
2692	2693	1
2647	2688	1
2672	2658	1
2679	2663	1
2686	2694	1
2675	2695	1
2653	2696	0
2657	2650	1
2697	2692	0
2664	2662	1
2643	2656	0
2698	2665	1
2648	2688	1
2664	2681	2
2650	2699	1
2700	2701	1
2702	2703	0
2677	2683	1
2705	2651	1
2663	2700	0
2649	2687	1
2649	2657	1
2708	2684	1
2683	2678	1
2711	2689	1
2671	2681	0
2709	2661	1
2646	2712	1
2684	2678	1
2645	2704	0
2648	2713	0
2714	2715	0
2716	2717	1
2718	2719	1
2688	2701	1
2691	2663	1
2700	2713	1
2707	2720	1
2660	2683	1
2663	2688	1
2720	2721	1
2722	2723	1
2677	2708	0
2695	2674	0
2710	2662	1
2664	2710	1
2724	2667	1
2725	2667	1
2659	2683	1
2668	2676	1
2719	2709	1
2685	2703	1
2679	2648	1
2680	2644	0
2699	2715	1
2680	2656	0
2691	2679	1
2658	2722	1
2702	2686	2
2659	2678	1
2700	2648	1
2728	2670	1
2711	2727	1
2725	2676	1
2654	2729	0
2698	2717	1
2730	2645	1
2721	2696	0
2660	2684	1
2731	2730	0
2661	2710	0
2732	2690	1
2667	2670	2
2646	2733	1
2658	2650	1
2666	2645	1
2734	2723	1
2644	2705	0
2717	2731	1
2665	2730	0
2649	2722	1
2734	2699	1
2726	2735	1
2736	2651	0
2726	2652	0
2734	2650	1
2713	2701	1
2647	2700	0
2656	2644	1
2721	2653	0
2688	2713	0
2724	2725	0
2655	2680	1
2700	2688	1
2684	2724	1
2660	2724	1
2708	2678	1
2685	2702	1
2691	2700	0
2677	2660	1
2726	2716	0
2673	2695	1
2737	2719	1
2678	2724	1
2738	2718	0
2683	2724	1
2657	2734	1
2721	2654	1
2691	2688	1
2738	2737	1
2655	2644	2
2703	2686	1
2653	2729	1
2655	2643	1
2668	2728	1
2715	2706	1
2667	2676	0
2696	2654	1
2737	2709	1
2648	2701	1
2711	2690	1
2736	2652	0
2677	2684	1
2697	2693	0
2727	2692	2
2704	2712	1
2659	2684	1
2649	2658	1
2725	2728	1
2659	2708	2
2732	2689	1
2664	2671	1
2649	2734	1
2669	2720	1
2650	2723	1
2710	2671	2
2718	2737	1
2727	2690	1
2691	2647	0
2727	2697	1
2704	2733	1
2722	2699	1
2687	2657	1
2731	2666	0
2730	2666	1
2667	2728	0
2659	2677	1
2699	2714	1
2705	2736	1
2708	2683	1
2735	2698	1
2686	2739	1
2734	2722	1
2733	2682	0
2657	2722	1
2687	2658	1
2733	2712	0
2716	2735	1
2727	2693	1
2687	2734	1
2203	2204	1
2205	2206	1
2207	2208	1
2209	2210	0
2211	2212	1
2214	2215	1
2216	2217	0
2218	2219	1
2202	2220	1
2221	2219	1
2221	2218	0
2222	2223	1
2224	2225	1
2217	2226	1
2227	2206	1
2228	2229	2
2230	2231	0
2203	2220	1
2204	2232	0
2233	2234	2
2235	2232	0
2205	2236	0
2203	2202	1
2216	2210	0
2237	2238	0
2212	2205	0
2239	2240	1
2231	2241	0
2220	2232	0
2238	2242	0
2220	2243	0
2211	2236	0
2244	2245	0
2246	2241	0
2233	2247	1
2240	2210	0
2248	2201	1
2202	2204	1
2249	2231	0
2250	2206	1
2226	2251	1
2209	2216	1
2251	2229	1
2252	2216	1
2219	2222	0
2253	2211	1
2254	2255	1
2238	2256	0
2208	2257	0
2258	2224	1
2212	2206	1
2236	2250	1
2256	2242	0
2238	2259	0
2260	2261	1
2223	2246	2
2230	2246	1
2210	2226	1
2262	2224	1
2239	2252	1
2263	2240	0
2235	2243	0
2250	2263	1
