834	835	0
834	835	1
834	835	2
836	837	0
836	837	1
836	837	2
838	839	0
838	839	1
838	839	2
840	841	0
840	841	1
840	841	2
836	842	0
836	842	1
836	842	2
843	844	0
843	844	1
843	844	2
845	846	0
845	846	1
845	846	2
847	840	0
847	840	1
847	840	2
848	849	0
848	849	1
848	849	2
850	841	0
850	841	1
850	841	2
851	852	0
851	852	1
851	852	2
853	854	0
853	854	1
853	854	2
851	855	0
851	855	1
851	855	2
835	856	0
835	856	1
835	856	2
857	858	0
857	858	1
857	858	2
859	860	0
859	860	1
859	860	2
854	841	0
854	841	1
854	841	2
861	862	0
861	862	1
861	862	2
853	863	0
853	863	1
853	863	2
836	864	0
836	864	1
836	864	2
854	863	0
854	863	1
854	863	2
865	841	0
865	841	1
865	841	2
865	839	0
865	839	1
865	839	2
853	851	0
853	851	1
853	851	2
866	867	0
866	867	1
866	867	2
850	854	0
850	854	1
850	854	2
842	868	0
842	868	1
842	868	2
857	853	0
857	853	1
857	853	2
860	869	0
860	869	1
860	869	2
870	850	0
870	850	1
870	850	2
836	860	0
836	860	1
836	860	2
859	869	0
859	869	1
859	869	2
871	844	0
871	844	1
871	844	2
835	846	0
835	846	1
835	846	2
839	852	0
839	852	1
839	852	2
857	850	0
857	850	1
857	850	2
844	849	0
844	849	1
844	849	2
847	857	0
847	857	1
847	857	2
838	853	0
838	853	1
838	853	2
837	860	0
837	860	1
837	860	2
872	873	0
872	873	1
872	873	2
837	864	0
837	864	1
837	864	2
844	866	0
844	866	1
844	866	2
854	874	0
854	874	1
854	874	2
865	875	0
865	875	1
865	875	2
876	868	0
876	868	1
876	868	2
877	878	0
877	878	1
877	878	2
851	875	0
851	875	1
851	875	2
856	879	0
856	879	1
856	879	2
849	880	0
849	880	1
849	880	2
852	877	0
852	877	1
852	877	2
870	851	0
870	851	1
870	851	2
879	881	0
879	881	1
879	881	2
872	871	0
872	871	1
872	871	2
847	865	0
847	865	1
847	865	2
849	867	0
849	867	1
849	867	2
869	882	0
869	882	1
869	882	2
837	842	0
837	842	1
837	842	2
880	883	0
880	883	1
880	883	2
858	863	0
858	863	1
858	863	2
850	853	0
850	853	1
850	853	2
852	843	0
852	843	1
852	843	2
847	850	0
847	850	1
847	850	2
870	839	0
870	839	1
870	839	2
851	874	0
851	874	1
851	874	2
848	867	0
848	867	1
848	867	2
850	858	0
850	858	1
850	858	2
854	852	0
854	852	1
854	852	2
836	882	0
836	882	1
836	882	2
865	855	0
865	855	1
865	855	2
850	840	0
850	840	1
850	840	2
865	854	0
865	854	1
865	854	2
837	868	0
837	868	1
837	868	2
850	839	0
850	839	1
850	839	2
884	877	0
884	877	1
884	877	2
870	865	0
870	865	1
870	865	2
840	839	0
840	839	1
840	839	2
869	864	0
869	864	1
869	864	2
851	839	0
851	839	1
851	839	2
860	868	0
860	868	1
860	868	2
884	871	0
884	871	1
884	871	2
870	838	0
870	838	1
870	838	2
872	844	0
872	844	1
872	844	2
856	885	0
856	885	1
856	885	2
866	886	0
866	886	1
866	886	2
859	842	0
859	842	1
859	842	2
843	872	0
843	872	1
843	872	2
845	835	0
845	835	1
845	835	2
873	848	0
873	848	1
873	848	2
887	862	0
887	862	1
887	862	2
885	881	0
885	881	1
885	881	2
841	839	0
841	839	1
841	839	2
838	875	0
838	875	1
838	875	2
859	864	0
859	864	1
859	864	2
841	874	0
841	874	1
841	874	2
879	888	0
879	888	1
879	888	2
855	874	0
855	874	1
855	874	2
853	875	0
853	875	1
853	875	2
843	877	0
843	877	1
843	877	2
876	882	0
876	882	1
876	882	2
876	842	0
876	842	1
876	842	2
856	888	0
856	888	1
856	888	2
873	844	0
873	844	1
873	844	2
878	848	0
878	848	1
878	848	2
870	875	0
870	875	1
870	875	2
834	856	0
834	856	1
834	856	2
837	869	0
837	869	1
837	869	2
847	858	0
847	858	1
847	858	2
857	870	0
857	870	1
857	870	2
838	855	0
838	855	1
838	855	2
859	882	0
859	882	1
859	882	2
837	882	0
837	882	1
837	882	2
838	858	0
838	858	1
838	858	2
871	878	0
871	878	1
871	878	2
858	841	0
858	841	1
858	841	2
850	851	0
850	851	1
850	851	2
873	867	0
873	867	1
873	867	2
843	873	0
843	873	1
843	873	2
889	883	0
889	883	1
889	883	2
843	878	0
843	878	1
843	878	2
843	871	0
843	871	1
843	871	2
838	841	0
838	841	1
838	841	2
870	853	0
870	853	1
870	853	2
878	866	0
878	866	1
878	866	2
875	839	0
875	839	1
875	839	2
847	870	0
847	870	1
847	870	2
841	863	0
841	863	1
841	863	2
868	864	0
868	864	1
868	864	2
853	855	0
853	855	1
853	855	2
858	853	0
858	853	1
858	853	2
852	872	0
852	872	1
852	872	2
850	863	0
850	863	1
850	863	2
857	838	0
857	838	1
857	838	2
855	839	0
855	839	1
855	839	2
853	841	0
853	841	1
853	841	2
870	841	0
870	841	1
870	841	2
840	853	0
840	853	1
840	853	2
841	852	0
841	852	1
841	852	2
863	852	0
863	852	1
863	852	2
838	865	0
838	865	1
838	865	2
880	889	0
880	889	1
880	889	2
878	849	0
878	849	1
878	849	2
868	869	0
868	869	1
868	869	2
871	873	0
871	873	1
871	873	2
876	864	0
876	864	1
876	864	2
852	874	0
852	874	1
852	874	2
855	852	0
855	852	1
855	852	2
880	886	0
880	886	1
880	886	2
864	882	0
864	882	1
864	882	2
848	880	0
848	880	1
848	880	2
888	881	0
888	881	1
888	881	2
851	841	0
851	841	1
851	841	2
888	885	0
888	885	1
888	885	2
878	844	0
878	844	1
878	844	2
854	839	0
854	839	1
854	839	2
874	843	0
874	843	1
874	843	2
840	875	0
840	875	1
840	875	2
859	876	0
859	876	1
859	876	2
876	860	0
876	860	1
876	860	2
870	858	0
870	858	1
870	858	2
879	885	0
879	885	1
879	885	2
838	840	0
838	840	1
838	840	2
836	868	0
836	868	1
836	868	2
850	855	0
850	855	1
850	855	2
842	864	0
842	864	1
842	864	2
875	855	0
875	855	1
875	855	2
865	851	0
865	851	1
865	851	2
865	858	0
865	858	1
865	858	2
860	864	0
860	864	1
860	864	2
849	886	0
849	886	1
849	886	2
845	856	0
845	856	1
845	856	2
881	887	0
881	887	1
881	887	2
834	846	0
834	846	1
834	846	2
859	837	0
859	837	1
859	837	2
874	871	0
874	871	1
874	871	2
852	871	0
852	871	1
852	871	2
878	867	0
878	867	1
878	867	2
840	851	0
840	851	1
840	851	2
839	874	0
839	874	1
839	874	2
858	875	0
858	875	1
858	875	2
884	844	0
884	844	1
884	844	2
842	882	0
842	882	1
842	882	2
875	852	0
875	852	1
875	852	2
863	874	0
863	874	1
863	874	2
874	884	0
874	884	1
874	884	2
870	840	0
870	840	1
870	840	2
840	863	0
840	863	1
840	863	2
868	882	0
868	882	1
868	882	2
872	884	0
872	884	1
872	884	2
870	863	0
870	863	1
870	863	2
844	867	0
844	867	1
844	867	2
840	854	0
840	854	1
840	854	2
858	839	0
858	839	1
858	839	2
859	868	0
859	868	1
859	868	2
851	854	0
851	854	1
851	854	2
866	880	0
866	880	1
866	880	2
847	838	0
847	838	1
847	838	2
836	876	0
836	876	1
836	876	2
851	863	0
851	863	1
851	863	2
872	877	0
872	877	1
872	877	2
842	869	0
842	869	1
842	869	2
858	855	0
858	855	1
858	855	2
839	863	0
839	863	1
839	863	2
841	855	0
841	855	1
841	855	2
858	854	0
858	854	1
858	854	2
870	854	0
870	854	1
870	854	2
858	851	0
858	851	1
858	851	2
876	869	0
876	869	1
876	869	2
846	856	0
846	856	1
846	856	2
875	863	0
875	863	1
875	863	2
850	838	0
850	838	1
850	838	2
871	877	0
871	877	1
871	877	2
867	886	0
867	886	1
867	886	2
857	865	0
857	865	1
857	865	2
870	855	0
870	855	1
870	855	2
862	857	0
862	857	1
862	857	2
860	842	0
860	842	1
860	842	2
873	878	0
873	878	1
873	878	2
855	863	0
855	863	1
855	863	2
866	849	0
866	849	1
866	849	2
875	841	0
875	841	1
875	841	2
840	858	0
840	858	1
840	858	2
2500	2501	0
2500	2501	1
2500	2501	2
2502	2503	0
2502	2503	1
2502	2503	2
2504	2505	0
2504	2505	1
2504	2505	2
2506	2507	0
2506	2507	1
2506	2507	2
2508	2509	0
2508	2509	1
2508	2509	2
2510	2503	0
2510	2503	1
2510	2503	2
2511	2512	0
2511	2512	1
2511	2512	2
2513	2514	0
2513	2514	1
2513	2514	2
2515	2513	0
2515	2513	1
2515	2513	2
2516	2517	0
2516	2517	1
2516	2517	2
2511	2518	0
2511	2518	1
2511	2518	2
2513	2519	0
2513	2519	1
2513	2519	2
2515	2503	0
2515	2503	1
2515	2503	2
2520	2521	0
2520	2521	1
2520	2521	2
2514	2519	0
2514	2519	1
2514	2519	2
2522	2521	0
2522	2521	1
2522	2521	2
2502	2522	0
2502	2522	1
2502	2522	2
2502	2519	0
2502	2519	1
2502	2519	2
2518	2516	0
2518	2516	1
2518	2516	2
2515	2522	0
2515	2522	1
2515	2522	2
2511	2509	0
2511	2509	1
2511	2509	2
2515	2519	0
2515	2519	1
2515	2519	2
2523	2524	0
2523	2524	1
2523	2524	2
2518	2525	0
2518	2525	1
2518	2525	2
2519	2521	0
2519	2521	1
2519	2521	2
2526	2521	0
2526	2521	1
2526	2521	2
2527	2528	0
2527	2528	1
2527	2528	2
2514	2503	0
2514	2503	1
2514	2503	2
2515	2502	0
2515	2502	1
2515	2502	2
2512	2517	0
2512	2517	1
2512	2517	2
2529	2505	0
2529	2505	1
2529	2505	2
2525	2516	0
2525	2516	1
2525	2516	2
2508	2530	0
2508	2530	1
2508	2530	2
2531	2514	0
2531	2514	1
2531	2514	2
2532	2529	0
2532	2529	1
2532	2529	2
2505	2524	0
2505	2524	1
2505	2524	2
2517	2530	0
2517	2530	1
2517	2530	2
2515	2514	0
2515	2514	1
2515	2514	2
2511	2508	0
2511	2508	1
2511	2508	2
2519	2522	0
2519	2522	1
2519	2522	2
2504	2523	0
2504	2523	1
2504	2523	2
2508	2505	0
2508	2505	1
2508	2505	2
2532	2525	0
2532	2525	1
2532	2525	2
2533	2510	0
2533	2510	1
2533	2510	2
2534	2501	0
2534	2501	1
2534	2501	2
2529	2517	0
2529	2517	1
2529	2517	2
2535	2500	0
2535	2500	1
2535	2500	2
2511	2536	0
2511	2536	1
2511	2536	2
2520	2513	0
2520	2513	1
2520	2513	2
2525	2504	0
2525	2504	1
2525	2504	2
2537	2534	0
2537	2534	1
2537	2534	2
2531	2533	0
2531	2533	1
2531	2533	2
2536	2517	0
2536	2517	1
2536	2517	2
2537	2501	0
2537	2501	1
2537	2501	2
2536	2512	0
2536	2512	1
2536	2512	2
2513	2510	0
2513	2510	1
2513	2510	2
2538	2527	0
2538	2527	1
2538	2527	2
2518	2509	0
2518	2509	1
2518	2509	2
2510	2538	0
2510	2538	1
2510	2538	2
2530	2504	0
2530	2504	1
2530	2504	2
2537	2500	0
2537	2500	1
2537	2500	2
2515	2533	0
2515	2533	1
2515	2533	2
2520	2531	0
2520	2531	1
2520	2531	2
2516	2512	0
2516	2512	1
2516	2512	2
2510	2506	0
2510	2506	1
2510	2506	2
2520	2502	0
2520	2502	1
2520	2502	2
2511	2532	0
2511	2532	1
2511	2532	2
2526	2519	0
2526	2519	1
2526	2519	2
2520	2514	0
2520	2514	1
2520	2514	2
2539	2540	0
2539	2540	1
2539	2540	2
2532	2512	0
2532	2512	1
2532	2512	2
2531	2522	0
2531	2522	1
2531	2522	2
2513	2526	0
2513	2526	1
2513	2526	2
2505	2523	0
2505	2523	1
2505	2523	2
2541	2528	0
2541	2528	1
2541	2528	2
2531	2502	0
2531	2502	1
2531	2502	2
2512	2504	0
2512	2504	1
2512	2504	2
2512	2505	0
2512	2505	1
2512	2505	2
2520	2515	0
2520	2515	1
2520	2515	2
2530	2523	0
2530	2523	1
2530	2523	2
2515	2510	0
2515	2510	1
2515	2510	2
2514	2526	0
2514	2526	1
2514	2526	2
2516	2529	0
2516	2529	1
2516	2529	2
2526	2510	0
2526	2510	1
2526	2510	2
2533	2502	0
2533	2502	1
2533	2502	2
2538	2506	0
2538	2506	1
2538	2506	2
2502	2538	0
2502	2538	1
2502	2538	2
2522	2538	0
2522	2538	1
2522	2538	2
2536	2532	0
2536	2532	1
2536	2532	2
2510	2541	0
2510	2541	1
2510	2541	2
2502	2521	0
2502	2521	1
2502	2521	2
2516	2509	0
2516	2509	1
2516	2509	2
2542	2540	0
2542	2540	1
2542	2540	2
2515	2526	0
2515	2526	1
2515	2526	2
2525	2508	0
2525	2508	1
2525	2508	2
2506	2528	0
2506	2528	1
2506	2528	2
2541	2507	0
2541	2507	1
2541	2507	2
2510	2521	0
2510	2521	1
2510	2521	2
2535	2534	0
2535	2534	1
2535	2534	2
2530	2505	0
2530	2505	1
2530	2505	2
2531	2510	0
2531	2510	1
2531	2510	2
2503	2538	0
2503	2538	1
2503	2538	2
2525	2517	0
2525	2517	1
2525	2517	2
2511	2516	0
2511	2516	1
2511	2516	2
2516	2505	0
2516	2505	1
2516	2505	2
2503	2521	0
2503	2521	1
2503	2521	2
2536	2518	0
2536	2518	1
2536	2518	2
2531	2526	0
2531	2526	1
2531	2526	2
2519	2541	0
2519	2541	1
2519	2541	2
2518	2529	0
2518	2529	1
2518	2529	2
2525	2530	0
2525	2530	1
2525	2530	2
2540	2535	0
2540	2535	1
2540	2535	2
2520	2522	0
2520	2522	1
2520	2522	2
2500	2534	0
2500	2534	1
2500	2534	2
2532	2516	0
2532	2516	1
2532	2516	2
2525	2505	0
2525	2505	1
2525	2505	2
2529	2509	0
2529	2509	1
2529	2509	2
2533	2522	0
2533	2522	1
2533	2522	2
2516	2530	0
2516	2530	1
2516	2530	2
2526	2503	0
2526	2503	1
2526	2503	2
2514	2502	0
2514	2502	1
2514	2502	2
2528	2507	0
2528	2507	1
2528	2507	2
2503	2541	0
2503	2541	1
2503	2541	2
2536	2508	0
2536	2508	1
2536	2508	2
2521	2541	0
2521	2541	1
2521	2541	2
2514	2522	0
2514	2522	1
2514	2522	2
2529	2530	0
2529	2530	1
2529	2530	2
2518	2512	0
2518	2512	1
2518	2512	2
2510	2522	0
2510	2522	1
2510	2522	2
2526	2502	0
2526	2502	1
2526	2502	2
2520	2510	0
2520	2510	1
2520	2510	2
2516	2504	0
2516	2504	1
2516	2504	2
2513	2521	0
2513	2521	1
2513	2521	2
2513	2533	0
2513	2533	1
2513	2533	2
2519	2503	0
2519	2503	1
2519	2503	2
2514	2510	0
2514	2510	1
2514	2510	2
2542	2535	0
2542	2535	1
2542	2535	2
2522	2506	0
2522	2506	1
2522	2506	2
2522	2503	0
2522	2503	1
2522	2503	2
2513	2502	0
2513	2502	1
2513	2502	2
2510	2519	0
2510	2519	1
2510	2519	2
2503	2506	0
2503	2506	1
2503	2506	2
2526	2533	0
2526	2533	1
2526	2533	2
2536	2509	0
2536	2509	1
2536	2509	2
2530	2524	0
2530	2524	1
2530	2524	2
2518	2517	0
2518	2517	1
2518	2517	2
2531	2521	0
2531	2521	1
2531	2521	2
2539	2535	0
2539	2535	1
2539	2535	2
2515	2531	0
2515	2531	1
2515	2531	2
2539	2542	0
2539	2542	1
2539	2542	2
2504	2524	0
2504	2524	1
2504	2524	2
2518	2532	0
2518	2532	1
2518	2532	2
2517	2505	0
2517	2505	1
2517	2505	2
2502	2510	0
2502	2510	1
2502	2510	2
2511	2529	0
2511	2529	1
2511	2529	2
2536	2525	0
2536	2525	1
2536	2525	2
2520	2526	0
2520	2526	1
2520	2526	2
2514	2533	0
2514	2533	1
2514	2533	2
2532	2508	0
2532	2508	1
2532	2508	2
2531	2503	0
2531	2503	1
2531	2503	2
2532	2517	0
2532	2517	1
2532	2517	2
2525	2509	0
2525	2509	1
2525	2509	2
2538	2507	0
2538	2507	1
2538	2507	2
2520	2533	0
2520	2533	1
2520	2533	2
2532	2509	0
2532	2509	1
2532	2509	2
2520	2519	0
2520	2519	1
2520	2519	2
2512	2530	0
2512	2530	1
2512	2530	2
2514	2521	0
2514	2521	1
2514	2521	2
2519	2538	0
2519	2538	1
2519	2538	2
2512	2509	0
2512	2509	1
2512	2509	2
2541	2527	0
2541	2527	1
2541	2527	2
2513	2522	0
2513	2522	1
2513	2522	2
2515	2521	0
2515	2521	1
2515	2521	2
2521	2506	0
2521	2506	1
2521	2506	2
2509	2505	0
2509	2505	1
2509	2505	2
2522	2541	0
2522	2541	1
2522	2541	2
2538	2528	0
2538	2528	1
2538	2528	2
2502	2506	0
2502	2506	1
2502	2506	2
2511	2525	0
2511	2525	1
2511	2525	2
2529	2504	0
2529	2504	1
2529	2504	2
2337	2338	0
2337	2338	1
2337	2338	2
2339	2340	0
2339	2340	1
2339	2340	2
2341	2342	0
2341	2342	1
2341	2342	2
2343	2344	0
2343	2344	1
2343	2344	2
2341	2345	0
2341	2345	1
2341	2345	2
2346	2347	0
2346	2347	1
2346	2347	2
2348	2349	0
2348	2349	1
2348	2349	2
2350	2349	0
2350	2349	1
2350	2349	2
2351	2352	0
2351	2352	1
2351	2352	2
2342	2345	0
2342	2345	1
2342	2345	2
2353	2354	0
2353	2354	1
2353	2354	2
2355	2356	0
2355	2356	1
2355	2356	2
2357	2358	0
2357	2358	1
2357	2358	2
2359	2360	0
2359	2360	1
2359	2360	2
2361	2362	0
2361	2362	1
2361	2362	2
2357	2363	0
2357	2363	1
2357	2363	2
2339	2364	0
2339	2364	1
2339	2364	2
2365	2366	0
2365	2366	1
2365	2366	2
2367	2363	0
2367	2363	1
2367	2363	2
2368	2369	0
2368	2369	1
2368	2369	2
2370	2371	0
2370	2371	1
2370	2371	2
2372	2373	0
2372	2373	1
2372	2373	2
2340	2354	0
2340	2354	1
2340	2354	2
2337	2374	0
2337	2374	1
2337	2374	2
2375	2376	0
2375	2376	1
2375	2376	2
2377	2378	0
2377	2378	1
2377	2378	2
2379	2380	0
2379	2380	1
2379	2380	2
2376	2381	0
2376	2381	1
2376	2381	2
2382	2350	0
2382	2350	1
2382	2350	2
2368	2383	0
2368	2383	1
2368	2383	2
2384	2385	0
2384	2385	1
2384	2385	2
2386	2387	0
2386	2387	1
2386	2387	2
2388	2389	0
2388	2389	1
2388	2389	2
2390	2337	0
2390	2337	1
2390	2337	2
2391	2362	0
2391	2362	1
2391	2362	2
2392	2393	0
2392	2393	1
2392	2393	2
2394	2395	0
2394	2395	1
2394	2395	2
2396	2397	0
2396	2397	1
2396	2397	2
2361	2398	0
2361	2398	1
2361	2398	2
2391	2399	0
2391	2399	1
2391	2399	2
2395	2381	0
2395	2381	1
2395	2381	2
2375	2381	0
2375	2381	1
2375	2381	2
2392	2398	0
2392	2398	1
2392	2398	2
2400	2401	0
2400	2401	1
2400	2401	2
2402	2403	0
2402	2403	1
2402	2403	2
2340	2356	0
2340	2356	1
2340	2356	2
2404	2405	0
2404	2405	1
2404	2405	2
2358	2406	0
2358	2406	1
2358	2406	2
2407	2353	0
2407	2353	1
2407	2353	2
2388	2380	0
2388	2380	1
2388	2380	2
2408	2409	0
2408	2409	1
2408	2409	2
2381	2403	0
2381	2403	1
2381	2403	2
2395	2402	0
2395	2402	1
2395	2402	2
2379	2350	0
2379	2350	1
2379	2350	2
2407	2397	0
2407	2397	1
2407	2397	2
2383	2410	0
2383	2410	1
2383	2410	2
2374	2352	0
2374	2352	1
2374	2352	2
2389	2348	0
2389	2348	1
2389	2348	2
2411	2412	0
2411	2412	1
2411	2412	2
2413	2367	0
2413	2367	1
2413	2367	2
2414	2415	0
2414	2415	1
2414	2415	2
2400	2373	0
2400	2373	1
2400	2373	2
2405	2409	0
2405	2409	1
2405	2409	2
2408	2343	0
2408	2343	1
2408	2343	2
2373	2413	0
2373	2413	1
2373	2413	2
2341	2416	0
2341	2416	1
2341	2416	2
2417	2418	0
2417	2418	1
2417	2418	2
2419	2376	0
2419	2376	1
2419	2376	2
2420	2394	0
2420	2394	1
2420	2394	2
2349	2387	0
2349	2387	1
2349	2387	2
2350	2383	0
2350	2383	1
2350	2383	2
2421	2411	0
2421	2411	1
2421	2411	2
2350	2422	0
2350	2422	1
2350	2422	2
2380	2368	0
2380	2368	1
2380	2368	2
2361	2399	0
2361	2399	1
2361	2399	2
2423	2400	0
2423	2400	1
2423	2400	2
2339	2355	0
2339	2355	1
2339	2355	2
2387	2410	0
2387	2410	1
2387	2410	2
2420	2376	0
2420	2376	1
2420	2376	2
2424	2391	0
2424	2391	1
2424	2391	2
2363	2420	0
2363	2420	1
2363	2420	2
2379	2348	0
2379	2348	1
2379	2348	2
2394	2402	0
2394	2402	1
2394	2402	2
2425	2339	0
2425	2339	1
2425	2339	2
2406	2420	0
2406	2420	1
2406	2420	2
2385	2390	0
2385	2390	1
2385	2390	2
2346	2351	0
2346	2351	1
2346	2351	2
2426	2352	0
2426	2352	1
2426	2352	2
2373	2367	0
2373	2367	1
2373	2367	2
2391	2398	0
2391	2398	1
2391	2398	2
2349	2383	0
2349	2383	1
2349	2383	2
2361	2424	0
2361	2424	1
2361	2424	2
2427	2428	0
2427	2428	1
2427	2428	2
2429	2423	0
2429	2423	1
2429	2423	2
2343	2409	0
2343	2409	1
2343	2409	2
2422	2387	0
2422	2387	1
2422	2387	2
2422	2410	0
2422	2410	1
2422	2410	2
2348	2368	0
2348	2368	1
2348	2368	2
2410	2430	0
2410	2430	1
2410	2430	2
2350	2380	0
2350	2380	1
2350	2380	2
2431	2359	0
2431	2359	1
2431	2359	2
2432	2359	0
2432	2359	1
2432	2359	2
2424	2362	0
2424	2362	1
2424	2362	2
2373	2357	0
2373	2357	1
2373	2357	2
2356	2433	0
2356	2433	1
2356	2433	2
2375	2402	0
2375	2402	1
2375	2402	2
2393	2416	0
2393	2416	1
2393	2416	2
2434	2390	0
2434	2390	1
2434	2390	2
2407	2364	0
2407	2364	1
2407	2364	2
2398	2393	0
2398	2393	1
2398	2393	2
2370	2435	0
2370	2435	1
2370	2435	2
2368	2410	0
2368	2410	1
2368	2410	2
2419	2381	0
2419	2381	1
2419	2381	2
2382	2380	0
2382	2380	1
2382	2380	2
2358	2427	0
2358	2427	1
2358	2427	2
2351	2426	0
2351	2426	1
2351	2426	2
2436	2437	0
2436	2437	1
2436	2437	2
2347	2438	0
2347	2438	1
2347	2438	2
2348	2387	0
2348	2387	1
2348	2387	2
2349	2410	0
2349	2410	1
2349	2410	2
2349	2368	0
2349	2368	1
2349	2368	2
2353	2340	0
2353	2340	1
2353	2340	2
2364	2354	0
2364	2354	1
2364	2354	2
2410	2369	0
2410	2369	1
2410	2369	2
2413	2357	0
2413	2357	1
2413	2357	2
2369	2430	0
2369	2430	1
2369	2430	2
2354	2433	0
2354	2433	1
2354	2433	2
2353	2356	0
2353	2356	1
2353	2356	2
2355	2340	0
2355	2340	1
2355	2340	2
2407	2425	0
2407	2425	1
2407	2425	2
2397	2353	0
2397	2353	1
2397	2353	2
2415	2384	0
2415	2384	1
2415	2384	2
2359	2421	0
2359	2421	1
2359	2421	2
2385	2439	0
2385	2439	1
2385	2439	2
2440	2438	0
2440	2438	1
2440	2438	2
2431	2432	0
2431	2432	1
2431	2432	2
2358	2420	0
2358	2420	1
2358	2420	2
2441	2356	0
2441	2356	1
2441	2356	2
2372	2401	0
2372	2401	1
2372	2401	2
2424	2398	0
2424	2398	1
2424	2398	2
2342	2418	0
2342	2418	1
2342	2418	2
2401	2367	0
2401	2367	1
2401	2367	2
2428	2420	0
2428	2420	1
2428	2420	2
2368	2422	0
2368	2422	1
2368	2422	2
2355	2354	0
2355	2354	1
2355	2354	2
2365	2442	0
2365	2442	1
2365	2442	2
2408	2405	0
2408	2405	1
2408	2405	2
2383	2369	0
2383	2369	1
2383	2369	2
2388	2382	0
2388	2382	1
2388	2382	2
2361	2391	0
2361	2391	1
2361	2391	2
2350	2368	0
2350	2368	1
2350	2368	2
2355	2441	0
2355	2441	1
2355	2441	2
2399	2393	0
2399	2393	1
2399	2393	2
2399	2392	0
2399	2392	1
2399	2392	2
2345	2443	0
2345	2443	1
2345	2443	2
2394	2381	0
2394	2381	1
2394	2381	2
2362	2392	0
2362	2392	1
2362	2392	2
2376	2395	0
2376	2395	1
2376	2395	2
2366	2371	0
2366	2371	1
2366	2371	2
2380	2422	0
2380	2422	1
2380	2422	2
2434	2444	0
2434	2444	1
2434	2444	2
2441	2433	0
2441	2433	1
2441	2433	2
2389	2380	0
2389	2380	1
2389	2380	2
2366	2435	0
2366	2435	1
2366	2435	2
2349	2422	0
2349	2422	1
2349	2422	2
2440	2437	0
2440	2437	1
2440	2437	2
2350	2386	0
2350	2386	1
2350	2386	2
2399	2398	0
2399	2398	1
2399	2398	2
2430	2414	0
2430	2414	1
2430	2414	2
2442	2371	0
2442	2371	1
2442	2371	2
2348	2350	0
2348	2350	1
2348	2350	2
2389	2379	0
2389	2379	1
2389	2379	2
2346	2374	0
2346	2374	1
2346	2374	2
2430	2445	0
2430	2445	1
2430	2445	2
2432	2360	0
2432	2360	1
2432	2360	2
2402	2381	0
2402	2381	1
2402	2381	2
2352	2436	0
2352	2436	1
2352	2436	2
2367	2427	0
2367	2427	1
2367	2427	2
2380	2387	0
2380	2387	1
2380	2387	2
2409	2344	0
2409	2344	1
2409	2344	2
2388	2379	0
2388	2379	1
2388	2379	2
2338	2352	0
2338	2352	1
2338	2352	2
2442	2370	0
2442	2370	1
2442	2370	2
2362	2393	0
2362	2393	1
2362	2393	2
2361	2392	0
2361	2392	1
2361	2392	2
2351	2374	0
2351	2374	1
2351	2374	2
2434	2439	0
2434	2439	1
2434	2439	2
2420	2419	0
2420	2419	1
2420	2419	2
2380	2386	0
2380	2386	1
2380	2386	2
2446	2447	0
2446	2447	1
2446	2447	2
2339	2353	0
2339	2353	1
2339	2353	2
2340	2441	0
2340	2441	1
2340	2441	2
2358	2428	0
2358	2428	1
2358	2428	2
2403	2377	0
2403	2377	1
2403	2377	2
2367	2428	0
2367	2428	1
2367	2428	2
2396	2339	0
2396	2339	1
2396	2339	2
2427	2420	0
2427	2420	1
2427	2420	2
2377	2404	0
2377	2404	1
2377	2404	2
2348	2422	0
2348	2422	1
2348	2422	2
2347	2436	0
2347	2436	1
2347	2436	2
2448	2365	0
2448	2365	1
2448	2365	2
2401	2357	0
2401	2357	1
2401	2357	2
2442	2366	0
2442	2366	1
2442	2366	2
2420	2375	0
2420	2375	1
2420	2375	2
2425	2340	0
2425	2340	1
2425	2340	2
2446	2448	0
2446	2448	1
2446	2448	2
2449	2446	0
2449	2446	1
2449	2446	2
2450	2359	0
2450	2359	1
2450	2359	2
2368	2387	0
2368	2387	1
2368	2387	2
2438	2436	0
2438	2436	1
2438	2436	2
2439	2390	0
2439	2390	1
2439	2390	2
2383	2387	0
2383	2387	1
2383	2387	2
2393	2342	0
2393	2342	1
2393	2342	2
2429	2451	0
2429	2451	1
2429	2451	2
2360	2411	0
2360	2411	1
2360	2411	2
2358	2363	0
2358	2363	1
2358	2363	2
2389	2382	0
2389	2382	1
2389	2382	2
2450	2421	0
2450	2421	1
2450	2421	2
2393	2417	0
2393	2417	1
2393	2417	2
2451	2400	0
2451	2400	1
2451	2400	2
2452	2412	0
2452	2412	1
2452	2412	2
2376	2402	0
2376	2402	1
2376	2402	2
2348	2380	0
2348	2380	1
2348	2380	2
2396	2407	0
2396	2407	1
2396	2407	2
2407	2355	0
2407	2355	1
2407	2355	2
2354	2356	0
2354	2356	1
2354	2356	2
2416	2418	0
2416	2418	1
2416	2418	2
2337	2426	0
2337	2426	1
2337	2426	2
2345	2431	0
2345	2431	1
2345	2431	2
2401	2413	0
2401	2413	1
2401	2413	2
2374	2347	0
2374	2347	1
2374	2347	2
2380	2349	0
2380	2349	1
2380	2349	2
2367	2406	0
2367	2406	1
2367	2406	2
2404	2409	0
2404	2409	1
2404	2409	2
2399	2362	0
2399	2362	1
2399	2362	2
2417	2345	0
2417	2345	1
2417	2345	2
2425	2353	0
2425	2353	1
2425	2353	2
2338	2347	0
2338	2347	1
2338	2347	2
2386	2383	0
2386	2383	1
2386	2383	2
2412	2453	0
2412	2453	1
2412	2453	2
2454	2365	0
2454	2365	1
2454	2365	2
2341	2418	0
2341	2418	1
2341	2418	2
2353	2364	0
2353	2364	1
2353	2364	2
2416	2345	0
2416	2345	1
2416	2345	2
2443	2432	0
2443	2432	1
2443	2432	2
2341	2417	0
2341	2417	1
2341	2417	2
2453	2455	0
2453	2455	1
2453	2455	2
2377	2456	0
2377	2456	1
2377	2456	2
2422	2369	0
2422	2369	1
2422	2369	2
2386	2349	0
2386	2349	1
2386	2349	2
2374	2426	0
2374	2426	1
2374	2426	2
2404	2408	0
2404	2408	1
2404	2408	2
2407	2339	0
2407	2339	1
2407	2339	2
2416	2342	0
2416	2342	1
2416	2342	2
2388	2348	0
2388	2348	1
2388	2348	2
2418	2345	0
2418	2345	1
2418	2345	2
2389	2386	0
2389	2386	1
2389	2386	2
2338	2351	0
2338	2351	1
2338	2351	2
2397	2364	0
2397	2364	1
2397	2364	2
2338	2374	0
2338	2374	1
2338	2374	2
2447	2448	0
2447	2448	1
2447	2448	2
2343	2405	0
2343	2405	1
2343	2405	2
2365	2370	0
2365	2370	1
2365	2370	2
2400	2372	0
2400	2372	1
2400	2372	2
2397	2355	0
2397	2355	1
2397	2355	2
2411	2452	0
2411	2452	1
2411	2452	2
2355	2364	0
2355	2364	1
2355	2364	2
2388	2350	0
2388	2350	1
2388	2350	2
2348	2386	0
2348	2386	1
2348	2386	2
2404	2343	0
2404	2343	1
2404	2343	2
2447	2454	0
2447	2454	1
2447	2454	2
2388	2386	0
2388	2386	1
2388	2386	2
2382	2386	0
2382	2386	1
2382	2386	2
2394	2376	0
2394	2376	1
2394	2376	2
2372	2413	0
2372	2413	1
2372	2413	2
2357	2428	0
2357	2428	1
2357	2428	2
2347	2440	0
2347	2440	1
2347	2440	2
2389	2350	0
2389	2350	1
2389	2350	2
2403	2378	0
2403	2378	1
2403	2378	2
2423	2372	0
2423	2372	1
2423	2372	2
2371	2435	0
2371	2435	1
2371	2435	2
2340	2364	0
2340	2364	1
2340	2364	2
2391	2392	0
2391	2392	1
2391	2392	2
2450	2360	0
2450	2360	1
2450	2360	2
2363	2428	0
2363	2428	1
2363	2428	2
2416	2417	0
2416	2417	1
2416	2417	2
2427	2363	0
2427	2363	1
2427	2363	2
2443	2431	0
2443	2431	1
2443	2431	2
2370	2366	0
2370	2366	1
2370	2366	2
2378	2404	0
2378	2404	1
2378	2404	2
2350	2387	0
2350	2387	1
2350	2387	2
2353	2355	0
2353	2355	1
2353	2355	2
2432	2421	0
2432	2421	1
2432	2421	2
2403	2456	0
2403	2456	1
2403	2456	2
2419	2402	0
2419	2402	1
2419	2402	2
2393	2418	0
2393	2418	1
2393	2418	2
2426	2347	0
2426	2347	1
2426	2347	2
2439	2444	0
2439	2444	1
2439	2444	2
2424	2399	0
2424	2399	1
2424	2399	2
2444	2390	0
2444	2390	1
2444	2390	2
2337	2346	0
2337	2346	1
2337	2346	2
2346	2426	0
2346	2426	1
2346	2426	2
2451	2423	0
2451	2423	1
2451	2423	2
2408	2344	0
2408	2344	1
2408	2344	2
2352	2438	0
2352	2438	1
2352	2438	2
2406	2428	0
2406	2428	1
2406	2428	2
2431	2450	0
2431	2450	1
2431	2450	2
2424	2392	0
2424	2392	1
2424	2392	2
2382	2379	0
2382	2379	1
2382	2379	2
2456	2404	0
2456	2404	1
2456	2404	2
2338	2426	0
2338	2426	1
2338	2426	2
3287	3288	0
3287	3288	1
3287	3288	2
3289	3290	0
3289	3290	1
3289	3290	2
3291	3292	0
3291	3292	1
3291	3292	2
3293	3294	0
3293	3294	1
3293	3294	2
3295	3296	0
3295	3296	1
3295	3296	2
3297	3298	0
3297	3298	1
3297	3298	2
3299	3300	0
3299	3300	1
3299	3300	2
3301	3302	0
3301	3302	1
3301	3302	2
3303	3304	0
3303	3304	1
3303	3304	2
3305	3306	0
3305	3306	1
3305	3306	2
3307	3294	0
3307	3294	1
3307	3294	2
3294	3308	0
3294	3308	1
3294	3308	2
3309	3308	0
3309	3308	1
3309	3308	2
3303	3310	0
3303	3310	1
3303	3310	2
3311	3307	0
3311	3307	1
3311	3307	2
3312	3313	0
3312	3313	1
3312	3313	2
3299	3294	0
3299	3294	1
3299	3294	2
3314	3315	0
3314	3315	1
3314	3315	2
3316	3317	0
3316	3317	1
3316	3317	2
3318	3319	0
3318	3319	1
3318	3319	2
3320	3312	0
3320	3312	1
3320	3312	2
3321	3322	0
3321	3322	1
3321	3322	2
3323	3320	0
3323	3320	1
3323	3320	2
3324	3299	0
3324	3299	1
3324	3299	2
3311	3325	0
3311	3325	1
3311	3325	2
3325	3307	0
3325	3307	1
3325	3307	2
3326	3320	0
3326	3320	1
3326	3320	2
3324	3327	0
3324	3327	1
3324	3327	2
3328	3329	0
3328	3329	1
3328	3329	2
3318	3330	0
3318	3330	1
3318	3330	2
3308	3331	0
3308	3331	1
3308	3331	2
3332	3323	0
3332	3323	1
3332	3323	2
3293	3333	0
3293	3333	1
3293	3333	2
3334	3335	0
3334	3335	1
3334	3335	2
3336	3333	0
3336	3333	1
3336	3333	2
3337	3338	0
3337	3338	1
3337	3338	2
3306	3339	0
3306	3339	1
3306	3339	2
3340	3338	0
3340	3338	1
3340	3338	2
3309	3299	0
3309	3299	1
3309	3299	2
3341	3342	0
3341	3342	1
3341	3342	2
3343	3328	0
3343	3328	1
3343	3328	2
3294	3333	0
3294	3333	1
3294	3333	2
3326	3344	0
3326	3344	1
3326	3344	2
3296	3345	0
3296	3345	1
3296	3345	2
3346	3347	0
3346	3347	1
3346	3347	2
3348	3330	0
3348	3330	1
3348	3330	2
3329	3298	0
3329	3298	1
3329	3298	2
3349	3317	0
3349	3317	1
3349	3317	2
3290	3350	0
3290	3350	1
3290	3350	2
3333	3351	0
3333	3351	1
3333	3351	2
3309	3333	0
3309	3333	1
3309	3333	2
3336	3351	0
3336	3351	1
3336	3351	2
3295	3352	0
3295	3352	1
3295	3352	2
3313	3329	0
3313	3329	1
3313	3329	2
3353	3354	0
3353	3354	1
3353	3354	2
3337	3340	0
3337	3340	1
3337	3340	2
3321	3355	0
3321	3355	1
3321	3355	2
3305	3339	0
3305	3339	1
3305	3339	2
3356	3342	0
3356	3342	1
3356	3342	2
3357	3332	0
3357	3332	1
3357	3332	2
3328	3297	0
3328	3297	1
3328	3297	2
3351	3331	0
3351	3331	1
3351	3331	2
3338	3346	0
3338	3346	1
3338	3346	2
3294	3300	0
3294	3300	1
3294	3300	2
3358	3359	0
3358	3359	1
3358	3359	2
3360	3331	0
3360	3331	1
3360	3331	2
3361	3316	0
3361	3316	1
3361	3316	2
3338	3288	0
3338	3288	1
3338	3288	2
3362	3363	0
3362	3363	1
3362	3363	2
3364	3303	0
3364	3303	1
3364	3303	2
3365	3311	0
3365	3311	1
3365	3311	2
3366	3367	0
3366	3367	1
3366	3367	2
3368	3369	0
3368	3369	1
3368	3369	2
3306	3370	0
3306	3370	1
3306	3370	2
3371	3372	0
3371	3372	1
3371	3372	2
3333	3360	0
3333	3360	1
3333	3360	2
3373	3371	0
3373	3371	1
3373	3371	2
3319	3330	0
3319	3330	1
3319	3330	2
3350	3374	0
3350	3374	1
3350	3374	2
3343	3313	0
3343	3313	1
3343	3313	2
3361	3317	0
3361	3317	1
3361	3317	2
3299	3351	0
3299	3351	1
3299	3351	2
3354	3337	0
3354	3337	1
3354	3337	2
3367	3339	0
3367	3339	1
3367	3339	2
3375	3376	0
3375	3376	1
3375	3376	2
3371	3377	0
3371	3377	1
3371	3377	2
3370	3378	0
3370	3378	1
3370	3378	2
3293	3300	0
3293	3300	1
3293	3300	2
3339	3370	0
3339	3370	1
3339	3370	2
3371	3379	0
3371	3379	1
3371	3379	2
3299	3336	0
3299	3336	1
3299	3336	2
3380	3304	0
3380	3304	1
3380	3304	2
3379	3377	0
3379	3377	1
3379	3377	2
3381	3292	0
3381	3292	1
3381	3292	2
3293	3336	0
3293	3336	1
3293	3336	2
3311	3327	0
3311	3327	1
3311	3327	2
3368	3316	0
3368	3316	1
3368	3316	2
3324	3336	0
3324	3336	1
3324	3336	2
3367	3305	0
3367	3305	1
3367	3305	2
3335	3382	0
3335	3382	1
3335	3382	2
3310	3383	0
3310	3383	1
3310	3383	2
3309	3351	0
3309	3351	1
3309	3351	2
3368	3361	0
3368	3361	1
3368	3361	2
3351	3360	0
3351	3360	1
3351	3360	2
3293	3351	0
3293	3351	1
3293	3351	2
3300	3331	0
3300	3331	1
3300	3331	2
3325	3327	0
3325	3327	1
3325	3327	2
3331	3334	0
3331	3334	1
3331	3334	2
3300	3333	0
3300	3333	1
3300	3333	2
3348	3319	0
3348	3319	1
3348	3319	2
3307	3327	0
3307	3327	1
3307	3327	2
3378	3301	0
3378	3301	1
3378	3301	2
3327	3363	0
3327	3363	1
3327	3363	2
3318	3384	0
3318	3384	1
3318	3384	2
3385	3305	0
3385	3305	1
3385	3305	2
3374	3386	0
3374	3386	1
3374	3386	2
3294	3351	0
3294	3351	1
3294	3351	2
3294	3336	0
3294	3336	1
3294	3336	2
3367	3306	0
3367	3306	1
3367	3306	2
3373	3372	0
3373	3372	1
3373	3372	2
3308	3360	0
3308	3360	1
3308	3360	2
3375	3387	0
3375	3387	1
3375	3387	2
3329	3297	0
3329	3297	1
3329	3297	2
3310	3380	0
3310	3380	1
3310	3380	2
3299	3308	0
3299	3308	1
3299	3308	2
3307	3299	0
3307	3299	1
3307	3299	2
3382	3303	0
3382	3303	1
3382	3303	2
3307	3324	0
3307	3324	1
3307	3324	2
3288	3347	0
3288	3347	1
3288	3347	2
3292	3359	0
3292	3359	1
3292	3359	2
3369	3361	0
3369	3361	1
3369	3361	2
3360	3364	0
3360	3364	1
3360	3364	2
3300	3308	0
3300	3308	1
3300	3308	2
3311	3363	0
3311	3363	1
3311	3363	2
3304	3383	0
3304	3383	1
3304	3383	2
3324	3294	0
3324	3294	1
3324	3294	2
3293	3308	0
3293	3308	1
3293	3308	2
3324	3309	0
3324	3309	1
3324	3309	2
3320	3343	0
3320	3343	1
3320	3343	2
3381	3291	0
3381	3291	1
3381	3291	2
3365	3325	0
3365	3325	1
3365	3325	2
3354	3388	0
3354	3388	1
3354	3388	2
3368	3349	0
3368	3349	1
3368	3349	2
3322	3302	0
3322	3302	1
3322	3302	2
3300	3351	0
3300	3351	1
3300	3351	2
3293	3299	0
3293	3299	1
3293	3299	2
3321	3301	0
3321	3301	1
3321	3301	2
3307	3293	0
3307	3293	1
3307	3293	2
3368	3317	0
3368	3317	1
3368	3317	2
3389	3295	0
3389	3295	1
3389	3295	2
3311	3324	0
3311	3324	1
3311	3324	2
3364	3382	0
3364	3382	1
3364	3382	2
3309	3336	0
3309	3336	1
3309	3336	2
3327	3309	0
3327	3309	1
3327	3309	2
3388	3337	0
3388	3337	1
3388	3337	2
3327	3294	0
3327	3294	1
3327	3294	2
3390	3391	0
3390	3391	1
3390	3391	2
3355	3302	0
3355	3302	1
3355	3302	2
3309	3300	0
3309	3300	1
3309	3300	2
3378	3355	0
3378	3355	1
3378	3355	2
3331	3364	0
3331	3364	1
3331	3364	2
3366	3339	0
3366	3339	1
3366	3339	2
3332	3344	0
3332	3344	1
3332	3344	2
3311	3362	0
3311	3362	1
3311	3362	2
3382	3304	0
3382	3304	1
3382	3304	2
3369	3316	0
3369	3316	1
3369	3316	2
3312	3328	0
3312	3328	1
3312	3328	2
3330	3384	0
3330	3384	1
3330	3384	2
3333	3331	0
3333	3331	1
3333	3331	2
3369	3349	0
3369	3349	1
3369	3349	2
3373	3377	0
3373	3377	1
3373	3377	2
3382	3310	0
3382	3310	1
3382	3310	2
3366	3306	0
3366	3306	1
3366	3306	2
3341	3392	0
3341	3392	1
3341	3392	2
3334	3382	0
3334	3382	1
3334	3382	2
3344	3320	0
3344	3320	1
3344	3320	2
3358	3291	0
3358	3291	1
3358	3291	2
3374	3393	0
3374	3393	1
3374	3393	2
3336	3300	0
3336	3300	1
3336	3300	2
3340	3287	0
3340	3287	1
3340	3287	2
3362	3325	0
3362	3325	1
3362	3325	2
3370	3321	0
3370	3321	1
3370	3321	2
3377	3372	0
3377	3372	1
3377	3372	2
3369	3317	0
3369	3317	1
3369	3317	2
3358	3381	0
3358	3381	1
3358	3381	2
3394	3367	0
3394	3367	1
3394	3367	2
3382	3380	0
3382	3380	1
3382	3380	2
3381	3359	0
3381	3359	1
3381	3359	2
3308	3351	0
3308	3351	1
3308	3351	2
3361	3349	0
3361	3349	1
3361	3349	2
3307	3336	0
3307	3336	1
3307	3336	2
3299	3333	0
3299	3333	1
3299	3333	2
3348	3318	0
3348	3318	1
3348	3318	2
3356	3395	0
3356	3395	1
3356	3395	2
3312	3343	0
3312	3343	1
3312	3343	2
3379	3372	0
3379	3372	1
3379	3372	2
3395	3392	0
3395	3392	1
3395	3392	2
3384	3396	0
3384	3396	1
3384	3396	2
3342	3392	0
3342	3392	1
3342	3392	2
3387	3391	0
3387	3391	1
3387	3391	2
3326	3323	0
3326	3323	1
3326	3323	2
3395	3341	0
3395	3341	1
3395	3341	2
3325	3363	0
3325	3363	1
3325	3363	2
3291	3359	0
3291	3359	1
3291	3359	2
3319	3384	0
3319	3384	1
3319	3384	2
3349	3316	0
3349	3316	1
3349	3316	2
3307	3363	0
3307	3363	1
3307	3363	2
3373	3379	0
3373	3379	1
3373	3379	2
3360	3334	0
3360	3334	1
3360	3334	2
3363	3299	0
3363	3299	1
3363	3299	2
3355	3301	0
3355	3301	1
3355	3301	2
3390	3356	0
3390	3356	1
3390	3356	2
3385	3367	0
3385	3367	1
3385	3367	2
3346	3288	0
3346	3288	1
3346	3288	2
3309	3293	0
3309	3293	1
3309	3293	2
3387	3390	0
3387	3390	1
3387	3390	2
3380	3383	0
3380	3383	1
3380	3383	2
3386	3393	0
3386	3393	1
3386	3393	2
3331	3335	0
3331	3335	1
3331	3335	2
3336	3308	0
3336	3308	1
3336	3308	2
3350	3386	0
3350	3386	1
3350	3386	2
3352	3345	0
3352	3345	1
3352	3345	2
3376	3390	0
3376	3390	1
3376	3390	2
3308	3333	0
3308	3333	1
3308	3333	2
3394	3366	0
3394	3366	1
3394	3366	2
3360	3335	0
3360	3335	1
3360	3335	2
3325	3324	0
3325	3324	1
3325	3324	2
3353	3388	0
3353	3388	1
3353	3388	2
3327	3336	0
3327	3336	1
3327	3336	2
3385	3366	0
3385	3366	1
3385	3366	2
3363	3309	0
3363	3309	1
3363	3309	2
3321	3378	0
3321	3378	1
3321	3378	2
3345	3365	0
3345	3365	1
3345	3365	2
3362	3327	0
3362	3327	1
3362	3327	2
3363	3294	0
3363	3294	1
3363	3294	2
3363	3336	0
3363	3336	1
3363	3336	2
3363	3293	0
3363	3293	1
3363	3293	2
3376	3391	0
3376	3391	1
3376	3391	2
3309	3294	0
3309	3294	1
3309	3294	2
3364	3334	0
3364	3334	1
3364	3334	2
3322	3301	0
3322	3301	1
3322	3301	2
3313	3297	0
3313	3297	1
3313	3297	2
3327	3293	0
3327	3293	1
3327	3293	2
3335	3303	0
3335	3303	1
3335	3303	2
3393	3375	0
3393	3375	1
3393	3375	2
2136	2137	0
2136	2137	1
2136	2137	2
2138	2139	0
2138	2139	1
2138	2139	2
2140	2141	0
2140	2141	1
2140	2141	2
2142	2143	0
2142	2143	1
2142	2143	2
2144	2145	0
2144	2145	1
2144	2145	2
2146	2147	0
2146	2147	1
2146	2147	2
2148	2149	0
2148	2149	1
2148	2149	2
2148	2150	0
2148	2150	1
2148	2150	2
2151	2152	0
2151	2152	1
2151	2152	2
2140	2153	0
2140	2153	1
2140	2153	2
2154	2155	0
2154	2155	1
2154	2155	2
2156	2157	0
2156	2157	1
2156	2157	2
2155	2158	0
2155	2158	1
2155	2158	2
2142	2156	0
2142	2156	1
2142	2156	2
2159	2160	0
2159	2160	1
2159	2160	2
2138	2161	0
2138	2161	1
2138	2161	2
2147	2162	0
2147	2162	1
2147	2162	2
2155	2163	0
2155	2163	1
2155	2163	2
2141	2164	0
2141	2164	1
2141	2164	2
2139	2161	0
2139	2161	1
2139	2161	2
2165	2166	0
2165	2166	1
2165	2166	2
2167	2136	0
2167	2136	1
2167	2136	2
2168	2169	0
2168	2169	1
2168	2169	2
2152	2154	0
2152	2154	1
2152	2154	2
2170	2151	0
2170	2151	1
2170	2151	2
2171	2152	0
2171	2152	1
2171	2152	2
2172	2173	0
2172	2173	1
2172	2173	2
2174	2146	0
2174	2146	1
2174	2146	2
2175	2157	0
2175	2157	1
2175	2157	2
2176	2177	0
2176	2177	1
2176	2177	2
2173	2150	0
2173	2150	1
2173	2150	2
2171	2154	0
2171	2154	1
2171	2154	2
2153	2178	0
2153	2178	1
2153	2178	2
2158	2163	0
2158	2163	1
2158	2163	2
2179	2149	0
2179	2149	1
2179	2149	2
2150	2149	0
2150	2149	1
2150	2149	2
2165	2180	0
2165	2180	1
2165	2180	2
2155	2141	0
2155	2141	1
2155	2141	2
2141	2153	0
2141	2153	1
2141	2153	2
2163	2153	0
2163	2153	1
2163	2153	2
2158	2141	0
2158	2141	1
2158	2141	2
2138	2137	0
2138	2137	1
2138	2137	2
2161	2174	0
2161	2174	1
2161	2174	2
2156	2154	0
2156	2154	1
2156	2154	2
2148	2181	0
2148	2181	1
2148	2181	2
2182	2183	0
2182	2183	1
2182	2183	2
2184	2154	0
2184	2154	1
2184	2154	2
2184	2142	0
2184	2142	1
2184	2142	2
2166	2170	0
2166	2170	1
2166	2170	2
2170	2142	0
2170	2142	1
2170	2142	2
2173	2148	0
2173	2148	1
2173	2148	2
2185	2186	0
2185	2186	1
2185	2186	2
2184	2171	0
2184	2171	1
2184	2171	2
2141	2187	0
2141	2187	1
2141	2187	2
2188	2189	0
2188	2189	1
2188	2189	2
2183	2190	0
2183	2190	1
2183	2190	2
2184	2152	0
2184	2152	1
2184	2152	2
2164	2187	0
2164	2187	1
2164	2187	2
2191	2139	0
2191	2139	1
2191	2139	2
2173	2181	0
2173	2181	1
2173	2181	2
2157	2159	0
2157	2159	1
2157	2159	2
2184	2175	0
2184	2175	1
2184	2175	2
2177	2166	0
2177	2166	1
2177	2166	2
2167	2138	0
2167	2138	1
2167	2138	2
2143	2154	0
2143	2154	1
2143	2154	2
2192	2152	0
2192	2152	1
2192	2152	2
2149	2188	0
2149	2188	1
2149	2188	2
2143	2152	0
2143	2152	1
2143	2152	2
2153	2160	0
2153	2160	1
2153	2160	2
2192	2142	0
2192	2142	1
2192	2142	2
2136	2174	0
2136	2174	1
2136	2174	2
2142	2171	0
2142	2171	1
2142	2171	2
2193	2183	0
2193	2183	1
2193	2183	2
2192	2154	0
2192	2154	1
2192	2154	2
2170	2143	0
2170	2143	1
2170	2143	2
2147	2145	0
2147	2145	1
2147	2145	2
2181	2179	0
2181	2179	1
2181	2179	2
2192	2171	0
2192	2171	1
2192	2171	2
2190	2177	0
2190	2177	1
2190	2177	2
2155	2157	0
2155	2157	1
2155	2157	2
2146	2162	0
2146	2162	1
2146	2162	2
2167	2161	0
2167	2161	1
2167	2161	2
2136	2138	0
2136	2138	1
2136	2138	2
2162	2145	0
2162	2145	1
2162	2145	2
2182	2190	0
2182	2190	1
2182	2190	2
2175	2194	0
2175	2194	1
2175	2194	2
2189	2167	0
2189	2167	1
2189	2167	2
2195	2193	0
2195	2193	1
2195	2193	2
2168	2170	0
2168	2170	1
2168	2170	2
2154	2158	0
2154	2158	1
2154	2158	2
2159	2153	0
2159	2153	1
2159	2153	2
2172	2185	0
2172	2185	1
2172	2185	2
2196	2173	0
2196	2173	1
2196	2173	2
2173	2179	0
2173	2179	1
2173	2179	2
2165	2169	0
2165	2169	1
2165	2169	2
2144	2195	0
2144	2195	1
2144	2195	2
2159	2141	0
2159	2141	1
2159	2141	2
2140	2160	0
2140	2160	1
2140	2160	2
2196	2179	0
2196	2179	1
2196	2179	2
2175	2158	0
2175	2158	1
2175	2158	2
2172	2197	0
2172	2197	1
2172	2197	2
2194	2140	0
2194	2140	1
2194	2140	2
2159	2164	0
2159	2164	1
2159	2164	2
2160	2164	0
2160	2164	1
2160	2164	2
2191	2138	0
2191	2138	1
2191	2138	2
2194	2141	0
2194	2141	1
2194	2141	2
2165	2168	0
2165	2168	1
2165	2168	2
2155	2194	0
2155	2194	1
2155	2194	2
2177	2180	0
2177	2180	1
2177	2180	2
2143	2156	0
2143	2156	1
2143	2156	2
2190	2176	0
2190	2176	1
2190	2176	2
2152	2158	0
2152	2158	1
2152	2158	2
2196	2181	0
2196	2181	1
2196	2181	2
2162	2198	0
2162	2198	1
2162	2198	2
2166	2169	0
2166	2169	1
2166	2169	2
2190	2165	0
2190	2165	1
2190	2165	2
2184	2143	0
2184	2143	1
2184	2143	2
2157	2141	0
2157	2141	1
2157	2141	2
2163	2164	0
2163	2164	1
2163	2164	2
2181	2149	0
2181	2149	1
2181	2149	2
2171	2175	0
2171	2175	1
2171	2175	2
2197	2173	0
2197	2173	1
2197	2173	2
2150	2179	0
2150	2179	1
2150	2179	2
2177	2168	0
2177	2168	1
2177	2168	2
2156	2194	0
2156	2194	1
2156	2194	2
2192	2184	0
2192	2184	1
2192	2184	2
2185	2173	0
2185	2173	1
2185	2173	2
2152	2156	0
2152	2156	1
2152	2156	2
2159	2187	0
2159	2187	1
2159	2187	2
2177	2165	0
2177	2165	1
2177	2165	2
2136	2139	0
2136	2139	1
2136	2139	2
2198	2195	0
2198	2195	1
2198	2195	2
2158	2159	0
2158	2159	1
2158	2159	2
2199	2148	0
2199	2148	1
2199	2148	2
2167	2139	0
2167	2139	1
2167	2139	2
2163	2187	0
2163	2187	1
2163	2187	2
2200	2186	0
2200	2186	1
2200	2186	2
2157	2140	0
2157	2140	1
2157	2140	2
2182	2176	0
2182	2176	1
2182	2176	2
2176	2165	0
2176	2165	1
2176	2165	2
2180	2170	0
2180	2170	1
2180	2170	2
2158	2194	0
2158	2194	1
2158	2194	2
2180	2169	0
2180	2169	1
2180	2169	2
2186	2196	0
2186	2196	1
2186	2196	2
2194	2159	0
2194	2159	1
2194	2159	2
2167	2191	0
2167	2191	1
2167	2191	2
2193	2176	0
2193	2176	1
2193	2176	2
2151	2171	0
2151	2171	1
2151	2171	2
2186	2197	0
2186	2197	1
2186	2197	2
2169	2170	0
2169	2170	1
2169	2170	2
2153	2164	0
2153	2164	1
2153	2164	2
2194	2163	0
2194	2163	1
2194	2163	2
2142	2152	0
2142	2152	1
2142	2152	2
2171	2143	0
2171	2143	1
2171	2143	2
2164	2178	0
2164	2178	1
2164	2178	2
2189	2191	0
2189	2191	1
2189	2191	2
2187	2178	0
2187	2178	1
2187	2178	2
2153	2187	0
2153	2187	1
2153	2187	2
2195	2183	0
2195	2183	1
2195	2183	2
2140	2163	0
2140	2163	1
2140	2163	2
2140	2187	0
2140	2187	1
2140	2187	2
2174	2137	0
2174	2137	1
2174	2137	2
2159	2140	0
2159	2140	1
2159	2140	2
2136	2161	0
2136	2161	1
2136	2161	2
2191	2161	0
2191	2161	1
2191	2161	2
2191	2136	0
2191	2136	1
2191	2136	2
2137	2146	0
2137	2146	1
2137	2146	2
2145	2195	0
2145	2195	1
2145	2195	2
2142	2154	0
2142	2154	1
2142	2154	2
2173	2199	0
2173	2199	1
2173	2199	2
2154	2157	0
2154	2157	1
2154	2157	2
2200	2172	0
2200	2172	1
2200	2172	2
2141	2163	0
2141	2163	1
2141	2163	2
2156	2175	0
2156	2175	1
2156	2175	2
2157	2158	0
2157	2158	1
2157	2158	2
2152	2175	0
2152	2175	1
2152	2175	2
2199	2181	0
2199	2181	1
2199	2181	2
2155	2159	0
2155	2159	1
2155	2159	2
2139	2137	0
2139	2137	1
2139	2137	2
2196	2150	0
2196	2150	1
2196	2150	2
2183	2176	0
2183	2176	1
2183	2176	2
2197	2196	0
2197	2196	1
2197	2196	2
2184	2156	0
2184	2156	1
2184	2156	2
2200	2197	0
2200	2197	1
2200	2197	2
2157	2194	0
2157	2194	1
2157	2194	2
2185	2197	0
2185	2197	1
2185	2197	2
2168	2180	0
2168	2180	1
2168	2180	2
2163	2160	0
2163	2160	1
2163	2160	2
2185	2196	0
2185	2196	1
2185	2196	2
2138	2174	0
2138	2174	1
2138	2174	2
2142	2151	0
2142	2151	1
2142	2151	2
2152	2157	0
2152	2157	1
2152	2157	2
2197	2199	0
2197	2199	1
2197	2199	2
2154	2194	0
2154	2194	1
2154	2194	2
2172	2196	0
2172	2196	1
2172	2196	2
2170	2171	0
2170	2171	1
2170	2171	2
2152	2155	0
2152	2155	1
2152	2155	2
2196	2199	0
2196	2199	1
2196	2199	2
2172	2186	0
2172	2186	1
2172	2186	2
1470	1471	0
1470	1471	1
1470	1471	2
1472	1473	0
1472	1473	1
1472	1473	2
1474	1475	0
1474	1475	1
1474	1475	2
1476	1477	0
1476	1477	1
1476	1477	2
1478	1479	0
1478	1479	1
1478	1479	2
1480	1481	0
1480	1481	1
1480	1481	2
1482	1483	0
1482	1483	1
1482	1483	2
1479	1484	0
1479	1484	1
1479	1484	2
1485	1486	0
1485	1486	1
1485	1486	2
1487	1488	0
1487	1488	1
1487	1488	2
1489	1476	0
1489	1476	1
1489	1476	2
1489	1477	0
1489	1477	1
1489	1477	2
1483	1490	0
1483	1490	1
1483	1490	2
1491	1492	0
1491	1492	1
1491	1492	2
1493	1494	0
1493	1494	1
1493	1494	2
1495	1496	0
1495	1496	1
1495	1496	2
1489	1497	0
1489	1497	1
1489	1497	2
1487	1498	0
1487	1498	1
1487	1498	2
1472	1498	0
1472	1498	1
1472	1498	2
1480	1472	0
1480	1472	1
1480	1472	2
1499	1487	0
1499	1487	1
1499	1487	2
1500	1491	0
1500	1491	1
1500	1491	2
1472	1501	0
1472	1501	1
1472	1501	2
1472	1502	0
1472	1502	1
1472	1502	2
1503	1476	0
1503	1476	1
1503	1476	2
1504	1476	0
1504	1476	1
1504	1476	2
1476	1505	0
1476	1505	1
1476	1505	2
1506	1500	0
1506	1500	1
1506	1500	2
1497	1488	0
1497	1488	1
1497	1488	2
1507	1475	0
1507	1475	1
1507	1475	2
1507	1508	0
1507	1508	1
1507	1508	2
1471	1507	0
1471	1507	1
1471	1507	2
1509	1472	0
1509	1472	1
1509	1472	2
1510	1511	0
1510	1511	1
1510	1511	2
1512	1470	0
1512	1470	1
1512	1470	2
1513	1511	0
1513	1511	1
1513	1511	2
1514	1488	0
1514	1488	1
1514	1488	2
1505	1487	0
1505	1487	1
1505	1487	2
1514	1497	0
1514	1497	1
1514	1497	2
1498	1502	0
1498	1502	1
1498	1502	2
1477	1497	0
1477	1497	1
1477	1497	2
1481	1515	0
1481	1515	1
1481	1515	2
1502	1510	0
1502	1510	1
1502	1510	2
1496	1491	0
1496	1491	1
1496	1491	2
1516	1495	0
1516	1495	1
1516	1495	2
1501	1513	0
1501	1513	1
1501	1513	2
1476	1499	0
1476	1499	1
1476	1499	2
1488	1480	0
1488	1480	1
1488	1480	2
1497	1487	0
1497	1487	1
1497	1487	2
1507	1474	0
1507	1474	1
1507	1474	2
1496	1492	0
1496	1492	1
1496	1492	2
1514	1509	0
1514	1509	1
1514	1509	2
1516	1496	0
1516	1496	1
1516	1496	2
1478	1517	0
1478	1517	1
1478	1517	2
1477	1488	0
1477	1488	1
1477	1488	2
1518	1482	0
1518	1482	1
1518	1482	2
1519	1510	0
1519	1510	1
1519	1510	2
1520	1485	0
1520	1485	1
1520	1485	2
1514	1487	0
1514	1487	1
1514	1487	2
1481	1501	0
1481	1501	1
1481	1501	2
1521	1516	0
1521	1516	1
1521	1516	2
1484	1522	0
1484	1522	1
1484	1522	2
1477	1509	0
1477	1509	1
1477	1509	2
1504	1497	0
1504	1497	1
1504	1497	2
1489	1505	0
1489	1505	1
1489	1505	2
1499	1497	0
1499	1497	1
1499	1497	2
1498	1501	0
1498	1501	1
1498	1501	2
1523	1518	0
1523	1518	1
1523	1518	2
1499	1509	0
1499	1509	1
1499	1509	2
1521	1506	0
1521	1506	1
1521	1506	2
1516	1506	0
1516	1506	1
1516	1506	2
1473	1513	0
1473	1513	1
1473	1513	2
1473	1515	0
1473	1515	1
1473	1515	2
1491	1524	0
1491	1524	1
1491	1524	2
1470	1493	0
1470	1493	1
1470	1493	2
1501	1510	0
1501	1510	1
1501	1510	2
1502	1513	0
1502	1513	1
1502	1513	2
1476	1514	0
1476	1514	1
1476	1514	2
1525	1521	0
1525	1521	1
1525	1521	2
1513	1519	0
1513	1519	1
1513	1519	2
1526	1527	0
1526	1527	1
1526	1527	2
1490	1528	0
1490	1528	1
1490	1528	2
1486	1527	0
1486	1527	1
1486	1527	2
1525	1495	0
1525	1495	1
1525	1495	2
1522	1521	0
1522	1521	1
1522	1521	2
1502	1501	0
1502	1501	1
1502	1501	2
1521	1495	0
1521	1495	1
1521	1495	2
1513	1510	0
1513	1510	1
1513	1510	2
1490	1520	0
1490	1520	1
1490	1520	2
1487	1481	0
1487	1481	1
1487	1481	2
1503	1505	0
1503	1505	1
1503	1505	2
1529	1512	0
1529	1512	1
1529	1512	2
1510	1479	0
1510	1479	1
1510	1479	2
1514	1505	0
1514	1505	1
1514	1505	2
1480	1515	0
1480	1515	1
1480	1515	2
1493	1474	0
1493	1474	1
1493	1474	2
1503	1514	0
1503	1514	1
1503	1514	2
1480	1498	0
1480	1498	1
1480	1498	2
1482	1530	0
1482	1530	1
1482	1530	2
1520	1531	0
1520	1531	1
1520	1531	2
1472	1515	0
1472	1515	1
1472	1515	2
1504	1499	0
1504	1499	1
1504	1499	2
1505	1477	0
1505	1477	1
1505	1477	2
1505	1497	0
1505	1497	1
1505	1497	2
1493	1507	0
1493	1507	1
1493	1507	2
1525	1506	0
1525	1506	1
1525	1506	2
1519	1478	0
1519	1478	1
1519	1478	2
1511	1517	0
1511	1517	1
1511	1517	2
1532	1529	0
1532	1529	1
1532	1529	2
1504	1505	0
1504	1505	1
1504	1505	2
1479	1511	0
1479	1511	1
1479	1511	2
1514	1499	0
1514	1499	1
1514	1499	2
1480	1473	0
1480	1473	1
1480	1473	2
1481	1473	0
1481	1473	1
1481	1473	2
1531	1486	0
1531	1486	1
1531	1486	2
1504	1477	0
1504	1477	1
1504	1477	2
1487	1472	0
1487	1472	1
1487	1472	2
1509	1481	0
1509	1481	1
1509	1481	2
1489	1503	0
1489	1503	1
1489	1503	2
1511	1484	0
1511	1484	1
1511	1484	2
1530	1483	0
1530	1483	1
1530	1483	2
1515	1513	0
1515	1513	1
1515	1513	2
1475	1518	0
1475	1518	1
1475	1518	2
1488	1472	0
1488	1472	1
1488	1472	2
1522	1525	0
1522	1525	1
1522	1525	2
1529	1533	0
1529	1533	1
1529	1533	2
1480	1501	0
1480	1501	1
1480	1501	2
1471	1494	0
1471	1494	1
1471	1494	2
1502	1515	0
1502	1515	1
1502	1515	2
1509	1498	0
1509	1498	1
1509	1498	2
1489	1514	0
1489	1514	1
1489	1514	2
1533	1512	0
1533	1512	1
1533	1512	2
1481	1502	0
1481	1502	1
1481	1502	2
1470	1494	0
1470	1494	1
1470	1494	2
1504	1514	0
1504	1514	1
1504	1514	2
1508	1518	0
1508	1518	1
1508	1518	2
1477	1499	0
1477	1499	1
1477	1499	2
1517	1484	0
1517	1484	1
1517	1484	2
1497	1509	0
1497	1509	1
1497	1509	2
1488	1498	0
1488	1498	1
1488	1498	2
1503	1499	0
1503	1499	1
1503	1499	2
1513	1479	0
1513	1479	1
1513	1479	2
1515	1510	0
1515	1510	1
1515	1510	2
1481	1498	0
1481	1498	1
1481	1498	2
1513	1478	0
1513	1478	1
1513	1478	2
1474	1508	0
1474	1508	1
1474	1508	2
1489	1504	0
1489	1504	1
1489	1504	2
1528	1485	0
1528	1485	1
1528	1485	2
1495	1500	0
1495	1500	1
1495	1500	2
1532	1524	0
1532	1524	1
1532	1524	2
1477	1487	0
1477	1487	1
1477	1487	2
1501	1519	0
1501	1519	1
1501	1519	2
1494	1507	0
1494	1507	1
1494	1507	2
1515	1519	0
1515	1519	1
1515	1519	2
1473	1501	0
1473	1501	1
1473	1501	2
1480	1502	0
1480	1502	1
1480	1502	2
1498	1473	0
1498	1473	1
1498	1473	2
1478	1484	0
1478	1484	1
1478	1484	2
1492	1524	0
1492	1524	1
1492	1524	2
1524	1529	0
1524	1529	1
1524	1529	2
1530	1490	0
1530	1490	1
1530	1490	2
1473	1519	0
1473	1519	1
1473	1519	2
1503	1477	0
1503	1477	1
1503	1477	2
1517	1534	0
1517	1534	1
1517	1534	2
1473	1510	0
1473	1510	1
1473	1510	2
1523	1482	0
1523	1482	1
1523	1482	2
1528	1531	0
1528	1531	1
1528	1531	2
1486	1526	0
1486	1526	1
1486	1526	2
1505	1488	0
1505	1488	1
1505	1488	2
1506	1496	0
1506	1496	1
1506	1496	2
1515	1501	0
1515	1501	1
1515	1501	2
1500	1492	0
1500	1492	1
1500	1492	2
1492	1532	0
1492	1532	1
1492	1532	2
1509	1488	0
1509	1488	1
1509	1488	2
1531	1485	0
1531	1485	1
1531	1485	2
1509	1480	0
1509	1480	1
1509	1480	2
1479	1517	0
1479	1517	1
1479	1517	2
1502	1519	0
1502	1519	1
1502	1519	2
1503	1497	0
1503	1497	1
1503	1497	2
1476	1497	0
1476	1497	1
1476	1497	2
1504	1503	0
1504	1503	1
1504	1503	2
53	54	0
53	54	1
53	54	2
55	56	0
55	56	1
55	56	2
57	58	0
57	58	1
57	58	2
59	60	0
59	60	1
59	60	2
61	62	0
61	62	1
61	62	2
63	64	0
63	64	1
63	64	2
65	56	0
65	56	1
65	56	2
66	67	0
66	67	1
66	67	2
68	69	0
68	69	1
68	69	2
70	67	0
70	67	1
70	67	2
71	72	0
71	72	1
71	72	2
65	64	0
65	64	1
65	64	2
73	74	0
73	74	1
73	74	2
58	74	0
58	74	1
58	74	2
66	75	0
66	75	1
66	75	2
55	63	0
55	63	1
55	63	2
76	77	0
76	77	1
76	77	2
78	62	0
78	62	1
78	62	2
79	80	0
79	80	1
79	80	2
81	73	0
81	73	1
81	73	2
82	61	0
82	61	1
82	61	2
83	84	0
83	84	1
83	84	2
85	86	0
85	86	1
85	86	2
87	88	0
87	88	1
87	88	2
89	90	0
89	90	1
89	90	2
91	92	0
91	92	1
91	92	2
59	85	0
59	85	1
59	85	2
93	57	0
93	57	1
93	57	2
60	86	0
60	86	1
60	86	2
75	94	0
75	94	1
75	94	2
95	96	0
95	96	1
95	96	2
97	98	0
97	98	1
97	98	2
75	67	0
75	67	1
75	67	2
62	73	0
62	73	1
62	73	2
92	99	0
92	99	1
92	99	2
100	58	0
100	58	1
100	58	2
101	65	0
101	65	1
101	65	2
102	56	0
102	56	1
102	56	2
103	104	0
103	104	1
103	104	2
105	106	0
105	106	1
105	106	2
90	107	0
90	107	1
90	107	2
108	99	0
108	99	1
108	99	2
109	110	0
109	110	1
109	110	2
111	112	0
111	112	1
111	112	2
106	113	0
106	113	1
106	113	2
114	115	0
114	115	1
114	115	2
116	92	0
116	92	1
116	92	2
117	118	0
117	118	1
117	118	2
119	120	0
119	120	1
119	120	2
121	122	0
121	122	1
121	122	2
68	123	0
68	123	1
68	123	2
113	124	0
113	124	1
113	124	2
125	119	0
125	119	1
125	119	2
101	55	0
101	55	1
101	55	2
56	64	0
56	64	1
56	64	2
123	116	0
123	116	1
123	116	2
85	107	0
85	107	1
85	107	2
65	55	0
65	55	1
65	55	2
119	126	0
119	126	1
119	126	2
127	128	0
127	128	1
127	128	2
92	129	0
92	129	1
92	129	2
130	123	0
130	123	1
130	123	2
131	103	0
131	103	1
131	103	2
77	132	0
77	132	1
77	132	2
129	133	0
129	133	1
129	133	2
71	77	0
71	77	1
71	77	2
134	135	0
134	135	1
134	135	2
136	98	0
136	98	1
136	98	2
137	108	0
137	108	1
137	108	2
108	138	0
108	138	1
108	138	2
139	77	0
139	77	1
139	77	2
102	64	0
102	64	1
102	64	2
117	140	0
117	140	1
117	140	2
135	119	0
135	119	1
135	119	2
141	100	0
141	100	1
141	100	2
142	95	0
142	95	1
142	95	2
57	61	0
57	61	1
57	61	2
60	127	0
60	127	1
60	127	2
56	63	0
56	63	1
56	63	2
102	63	0
102	63	1
102	63	2
143	141	0
143	141	1
143	141	2
89	59	0
89	59	1
89	59	2
93	141	0
93	141	1
93	141	2
90	59	0
90	59	1
90	59	2
134	144	0
134	144	1
134	144	2
93	82	0
93	82	1
93	82	2
145	68	0
145	68	1
145	68	2
93	100	0
93	100	1
93	100	2
89	85	0
89	85	1
89	85	2
139	71	0
139	71	1
139	71	2
106	98	0
106	98	1
106	98	2
96	146	0
96	146	1
96	146	2
147	94	0
147	94	1
147	94	2
138	133	0
138	133	1
138	133	2
70	147	0
70	147	1
70	147	2
124	112	0
124	112	1
124	112	2
102	55	0
102	55	1
102	55	2
62	139	0
62	139	1
62	139	2
116	91	0
116	91	1
116	91	2
58	78	0
58	78	1
58	78	2
90	60	0
90	60	1
90	60	2
122	68	0
122	68	1
122	68	2
53	148	0
53	148	1
53	148	2
136	113	0
136	113	1
136	113	2
137	92	0
137	92	1
137	92	2
149	150	0
149	150	1
149	150	2
146	87	0
146	87	1
146	87	2
122	145	0
122	145	1
122	145	2
134	151	0
134	151	1
134	151	2
67	94	0
67	94	1
67	94	2
116	137	0
116	137	1
116	137	2
105	97	0
105	97	1
105	97	2
73	152	0
73	152	1
73	152	2
133	115	0
133	115	1
133	115	2
153	121	0
153	121	1
153	121	2
123	137	0
123	137	1
123	137	2
97	136	0
97	136	1
97	136	2
154	118	0
154	118	1
154	118	2
61	78	0
61	78	1
61	78	2
141	57	0
141	57	1
141	57	2
111	141	0
111	141	1
111	141	2
71	76	0
71	76	1
71	76	2
87	155	0
87	155	1
87	155	2
115	96	0
115	96	1
115	96	2
111	156	0
111	156	1
111	156	2
122	130	0
122	130	1
122	130	2
114	96	0
114	96	1
114	96	2
81	62	0
81	62	1
81	62	2
74	152	0
74	152	1
74	152	2
60	107	0
60	107	1
60	107	2
112	141	0
112	141	1
112	141	2
77	72	0
77	72	1
77	72	2
74	71	0
74	71	1
74	71	2
143	93	0
143	93	1
143	93	2
79	102	0
79	102	1
79	102	2
58	62	0
58	62	1
58	62	2
54	59	0
54	59	1
54	59	2
143	112	0
143	112	1
143	112	2
58	152	0
58	152	1
58	152	2
107	86	0
107	86	1
107	86	2
140	118	0
140	118	1
140	118	2
82	81	0
82	81	1
82	81	2
139	132	0
139	132	1
139	132	2
70	75	0
70	75	1
70	75	2
81	58	0
81	58	1
81	58	2
71	132	0
71	132	1
71	132	2
145	130	0
145	130	1
145	130	2
123	69	0
123	69	1
123	69	2
61	73	0
61	73	1
61	73	2
152	71	0
152	71	1
152	71	2
91	108	0
91	108	1
91	108	2
60	128	0
60	128	1
60	128	2
157	66	0
157	66	1
157	66	2
78	139	0
78	139	1
78	139	2
144	135	0
144	135	1
144	135	2
114	95	0
114	95	1
114	95	2
158	106	0
158	106	1
158	106	2
155	88	0
155	88	1
155	88	2
111	143	0
111	143	1
111	143	2
134	159	0
134	159	1
134	159	2
111	93	0
111	93	1
111	93	2
142	115	0
142	115	1
142	115	2
107	128	0
107	128	1
107	128	2
79	65	0
79	65	1
79	65	2
151	125	0
151	125	1
151	125	2
81	78	0
81	78	1
81	78	2
78	73	0
78	73	1
78	73	2
61	81	0
61	81	1
61	81	2
120	158	0
120	158	1
120	158	2
98	124	0
98	124	1
98	124	2
89	107	0
89	107	1
89	107	2
61	74	0
61	74	1
61	74	2
129	99	0
129	99	1
129	99	2
87	160	0
87	160	1
87	160	2
60	85	0
60	85	1
60	85	2
129	138	0
129	138	1
129	138	2
79	101	0
79	101	1
79	101	2
159	135	0
159	135	1
159	135	2
145	69	0
145	69	1
145	69	2
161	157	0
161	157	1
161	157	2
80	63	0
80	63	1
80	63	2
69	137	0
69	137	1
69	137	2
118	53	0
118	53	1
118	53	2
131	162	0
131	162	1
131	162	2
59	107	0
59	107	1
59	107	2
100	61	0
100	61	1
100	61	2
81	152	0
81	152	1
81	152	2
141	82	0
141	82	1
141	82	2
147	67	0
147	67	1
147	67	2
151	135	0
151	135	1
151	135	2
97	113	0
97	113	1
97	113	2
85	127	0
85	127	1
85	127	2
133	142	0
133	142	1
133	142	2
101	80	0
101	80	1
101	80	2
69	116	0
69	116	1
69	116	2
58	73	0
58	73	1
58	73	2
124	143	0
124	143	1
124	143	2
80	64	0
80	64	1
80	64	2
127	86	0
127	86	1
127	86	2
81	74	0
81	74	1
81	74	2
82	58	0
82	58	1
82	58	2
115	95	0
115	95	1
115	95	2
108	92	0
108	92	1
108	92	2
152	139	0
152	139	1
152	139	2
135	125	0
135	125	1
135	125	2
110	162	0
110	162	1
110	162	2
126	120	0
126	120	1
126	120	2
61	152	0
61	152	1
61	152	2
62	152	0
62	152	1
62	152	2
99	133	0
99	133	1
99	133	2
76	132	0
76	132	1
76	132	2
61	58	0
61	58	1
61	58	2
79	55	0
79	55	1
79	55	2
123	91	0
123	91	1
123	91	2
130	68	0
130	68	1
130	68	2
69	91	0
69	91	1
69	91	2
91	137	0
91	137	1
91	137	2
154	140	0
154	140	1
154	140	2
124	111	0
124	111	1
124	111	2
100	82	0
100	82	1
100	82	2
97	106	0
97	106	1
97	106	2
113	98	0
113	98	1
113	98	2
133	114	0
133	114	1
133	114	2
73	139	0
73	139	1
73	139	2
93	156	0
93	156	1
93	156	2
80	56	0
80	56	1
80	56	2
155	160	0
155	160	1
155	160	2
156	100	0
156	100	1
156	100	2
102	80	0
102	80	1
102	80	2
55	64	0
55	64	1
55	64	2
117	154	0
117	154	1
117	154	2
62	71	0
62	71	1
62	71	2
136	106	0
136	106	1
136	106	2
57	81	0
57	81	1
57	81	2
159	144	0
159	144	1
159	144	2
144	151	0
144	151	1
144	151	2
151	119	0
151	119	1
151	119	2
101	102	0
101	102	1
101	102	2
66	70	0
66	70	1
66	70	2
2925	2926	0
2925	2926	1
2925	2926	2
2927	2928	0
2927	2928	1
2927	2928	2
2929	2930	0
2929	2930	1
2929	2930	2
2929	2931	0
2929	2931	1
2929	2931	2
2932	2933	0
2932	2933	1
2932	2933	2
2934	2935	0
2934	2935	1
2934	2935	2
2936	2937	0
2936	2937	1
2936	2937	2
2929	2938	0
2929	2938	1
2929	2938	2
2939	2925	0
2939	2925	1
2939	2925	2
2940	2941	0
2940	2941	1
2940	2941	2
2936	2942	0
2936	2942	1
2936	2942	2
2943	2944	0
2943	2944	1
2943	2944	2
2945	2946	0
2945	2946	1
2945	2946	2
2928	2932	0
2928	2932	1
2928	2932	2
2947	2948	0
2947	2948	1
2947	2948	2
2949	2929	0
2949	2929	1
2949	2929	2
2950	2949	0
2950	2949	1
2950	2949	2
2934	2951	0
2934	2951	1
2934	2951	2
2937	2952	0
2937	2952	1
2937	2952	2
2953	2954	0
2953	2954	1
2953	2954	2
2955	2956	0
2955	2956	1
2955	2956	2
2957	2958	0
2957	2958	1
2957	2958	2
2959	2941	0
2959	2941	1
2959	2941	2
2940	2960	0
2940	2960	1
2940	2960	2
2943	2961	0
2943	2961	1
2943	2961	2
2962	2953	0
2962	2953	1
2962	2953	2
2963	2964	0
2963	2964	1
2963	2964	2
2965	2955	0
2965	2955	1
2965	2955	2
2966	2931	0
2966	2931	1
2966	2931	2
2947	2967	0
2947	2967	1
2947	2967	2
2968	2927	0
2968	2927	1
2968	2927	2
2969	2927	0
2969	2927	1
2969	2927	2
2937	2970	0
2937	2970	1
2937	2970	2
2970	2952	0
2970	2952	1
2970	2952	2
2971	2972	0
2971	2972	1
2971	2972	2
2932	2973	0
2932	2973	1
2932	2973	2
2929	2966	0
2929	2966	1
2929	2966	2
2955	2974	0
2955	2974	1
2955	2974	2
2975	2961	0
2975	2961	1
2975	2961	2
2976	2934	0
2976	2934	1
2976	2934	2
2977	2974	0
2977	2974	1
2977	2974	2
2978	2979	0
2978	2979	1
2978	2979	2
2938	2966	0
2938	2966	1
2938	2966	2
2964	2961	0
2964	2961	1
2964	2961	2
2935	2955	0
2935	2955	1
2935	2955	2
2975	2946	0
2975	2946	1
2975	2946	2
2925	2980	0
2925	2980	1
2925	2980	2
2981	2934	0
2981	2934	1
2981	2934	2
2981	2951	0
2981	2951	1
2981	2951	2
2971	2982	0
2971	2982	1
2971	2982	2
2938	2930	0
2938	2930	1
2938	2930	2
2949	2930	0
2949	2930	1
2949	2930	2
2983	2962	0
2983	2962	1
2983	2962	2
2984	2985	0
2984	2985	1
2984	2985	2
2984	2986	0
2984	2986	1
2984	2986	2
2940	2984	0
2940	2984	1
2940	2984	2
2967	2987	0
2967	2987	1
2967	2987	2
2988	2989	0
2988	2989	1
2988	2989	2
2974	2970	0
2974	2970	1
2974	2970	2
2959	2960	0
2959	2960	1
2959	2960	2
2931	2930	0
2931	2930	1
2931	2930	2
2990	2953	0
2990	2953	1
2990	2953	2
2932	2983	0
2932	2983	1
2932	2983	2
2960	2985	0
2960	2985	1
2960	2985	2
2951	2965	0
2951	2965	1
2951	2965	2
2983	2990	0
2983	2990	1
2983	2990	2
2936	2991	0
2936	2991	1
2936	2991	2
2956	2937	0
2956	2937	1
2956	2937	2
2991	2947	0
2991	2947	1
2991	2947	2
2987	2992	0
2987	2992	1
2987	2992	2
2993	2927	0
2993	2927	1
2993	2927	2
2935	2956	0
2935	2956	1
2935	2956	2
2994	2967	0
2994	2967	1
2994	2967	2
2995	2996	0
2995	2996	1
2995	2996	2
2997	2957	0
2997	2957	1
2997	2957	2
2974	2956	0
2974	2956	1
2974	2956	2
2930	2998	0
2930	2998	1
2930	2998	2
2994	2948	0
2994	2948	1
2994	2948	2
2967	2948	0
2967	2948	1
2967	2948	2
2934	2955	0
2934	2955	1
2934	2955	2
2969	2999	0
2969	2999	1
2969	2999	2
2961	2944	0
2961	2944	1
2961	2944	2
2949	2938	0
2949	2938	1
2949	2938	2
2968	2999	0
2968	2999	1
2968	2999	2
2956	2952	0
2956	2952	1
2956	2952	2
2954	3000	0
2954	3000	1
2954	3000	2
2982	2964	0
2982	2964	1
2982	2964	2
2974	2936	0
2974	2936	1
2974	2936	2
2941	2986	0
2941	2986	1
2941	2986	2
2990	2988	0
2990	2988	1
2990	2988	2
2966	2998	0
2966	2998	1
2966	2998	2
2959	2940	0
2959	2940	1
2959	2940	2
2943	2946	0
2943	2946	1
2943	2946	2
2992	2929	0
2992	2929	1
2992	2929	2
2991	2994	0
2991	2994	1
2991	2994	2
3001	3002	0
3001	3002	1
3001	3002	2
2963	2975	0
2963	2975	1
2963	2975	2
2969	2968	0
2969	2968	1
2969	2968	2
2945	2961	0
2945	2961	1
2945	2961	2
2986	2985	0
2986	2985	1
2986	2985	2
2971	2963	0
2971	2963	1
2971	2963	2
2958	2941	0
2958	2941	1
2958	2941	2
2927	3003	0
2927	3003	1
2927	3003	2
2964	2975	0
2964	2975	1
2964	2975	2
2941	2984	0
2941	2984	1
2941	2984	2
2982	2975	0
2982	2975	1
2982	2975	2
2999	2932	0
2999	2932	1
2999	2932	2
2966	3001	0
2966	3001	1
2966	3001	2
2937	2942	0
2937	2942	1
2937	2942	2
2977	2956	0
2977	2956	1
2977	2956	2
2960	2941	0
2960	2941	1
2960	2941	2
2968	3003	0
2968	3003	1
2968	3003	2
2994	2987	0
2994	2987	1
2994	2987	2
2969	2993	0
2969	2993	1
2969	2993	2
2972	2982	0
2972	2982	1
2972	2982	2
2926	3004	0
2926	3004	1
2926	3004	2
2988	2954	0
2988	2954	1
2988	2954	2
2965	2977	0
2965	2977	1
2965	2977	2
2946	2944	0
2946	2944	1
2946	2944	2
2958	2940	0
2958	2940	1
2958	2940	2
2969	3003	0
2969	3003	1
2969	3003	2
2956	2936	0
2956	2936	1
2956	2936	2
3005	2969	0
3005	2969	1
3005	2969	2
2927	2932	0
2927	2932	1
2927	2932	2
2935	2974	0
2935	2974	1
2935	2974	2
2940	2986	0
2940	2986	1
2940	2986	2
2931	3001	0
2931	3001	1
2931	3001	2
2938	2931	0
2938	2931	1
2938	2931	2
2938	2998	0
2938	2998	1
2938	2998	2
2976	2965	0
2976	2965	1
2976	2965	2
2928	2983	0
2928	2983	1
2928	2983	2
2966	2930	0
2966	2930	1
2966	2930	2
2951	2955	0
2951	2955	1
2951	2955	2
2999	2928	0
2999	2928	1
2999	2928	2
2974	2937	0
2974	2937	1
2974	2937	2
2948	2950	0
2948	2950	1
2948	2950	2
2927	2999	0
2927	2999	1
2927	2999	2
2953	2988	0
2953	2988	1
2953	2988	2
2933	2962	0
2933	2962	1
2933	2962	2
2942	2952	0
2942	2952	1
2942	2952	2
2947	2994	0
2947	2994	1
2947	2994	2
2975	2943	0
2975	2943	1
2975	2943	2
2999	3003	0
2999	3003	1
2999	3003	2
2928	2933	0
2928	2933	1
2928	2933	2
2970	2991	0
2970	2991	1
2970	2991	2
2957	2959	0
2957	2959	1
2957	2959	2
2934	2977	0
2934	2977	1
2934	2977	2
2928	2973	0
2928	2973	1
2928	2973	2
3005	2968	0
3005	2968	1
3005	2968	2
2949	2966	0
2949	2966	1
2949	2966	2
2940	2985	0
2940	2985	1
2940	2985	2
2936	2952	0
2936	2952	1
2936	2952	2
2958	2959	0
2958	2959	1
2958	2959	2
2937	2991	0
2937	2991	1
2937	2991	2
2944	2995	0
2944	2995	1
2944	2995	2
2981	2965	0
2981	2965	1
2981	2965	2
2933	2990	0
2933	2990	1
2933	2990	2
2974	2952	0
2974	2952	1
2974	2952	2
2987	2948	0
2987	2948	1
2987	2948	2
2960	2984	0
2960	2984	1
2960	2984	2
3003	2928	0
3003	2928	1
3003	2928	2
2982	2963	0
2982	2963	1
2982	2963	2
2975	2945	0
2975	2945	1
2975	2945	2
2938	3001	0
2938	3001	1
2938	3001	2
2993	2999	0
2993	2999	1
2993	2999	2
2949	2931	0
2949	2931	1
2949	2931	2
2987	2950	0
2987	2950	1
2987	2950	2
2980	2926	0
2980	2926	1
2980	2926	2
2977	2955	0
2977	2955	1
2977	2955	2
2945	2944	0
2945	2944	1
2945	2944	2
2956	2970	0
2956	2970	1
2956	2970	2
2951	2977	0
2951	2977	1
2951	2977	2
2941	2985	0
2941	2985	1
2941	2985	2
2992	2950	0
2992	2950	1
2992	2950	2
2936	2970	0
2936	2970	1
2936	2970	2
2964	2946	0
2964	2946	1
2964	2946	2
2947	2987	0
2947	2987	1
2947	2987	2
2962	2988	0
2962	2988	1
2962	2988	2
2989	3000	0
2989	3000	1
2989	3000	2
2948	2992	0
2948	2992	1
2948	2992	2
2973	2933	0
2973	2933	1
2973	2933	2
3004	2997	0
3004	2997	1
3004	2997	2
2942	2970	0
2942	2970	1
2942	2970	2
2993	2968	0
2993	2968	1
2993	2968	2
2931	2998	0
2931	2998	1
2931	2998	2
2942	2991	0
2942	2991	1
2942	2991	2
2934	2965	0
2934	2965	1
2934	2965	2
2992	2949	0
2992	2949	1
2992	2949	2
2960	2986	0
2960	2986	1
2960	2986	2
2951	2935	0
2951	2935	1
2951	2935	2
2993	3003	0
2993	3003	1
2993	3003	2
3006	2939	0
3006	2939	1
3006	2939	2
2976	2981	0
2976	2981	1
2976	2981	2
2965	2935	0
2965	2935	1
2965	2935	2
2974	2942	0
2974	2942	1
2974	2942	2
2643	2644	0
2643	2644	1
2643	2644	2
2645	2646	0
2645	2646	1
2645	2646	2
2647	2648	0
2647	2648	1
2647	2648	2
2649	2650	0
2649	2650	1
2649	2650	2
2651	2652	0
2651	2652	1
2651	2652	2
2653	2654	0
2653	2654	1
2653	2654	2
2655	2656	0
2655	2656	1
2655	2656	2
2657	2658	0
2657	2658	1
2657	2658	2
2659	2660	0
2659	2660	1
2659	2660	2
2661	2662	0
2661	2662	1
2661	2662	2
2663	2648	0
2663	2648	1
2663	2648	2
2664	2661	0
2664	2661	1
2664	2661	2
2665	2666	0
2665	2666	1
2665	2666	2
2667	2668	0
2667	2668	1
2667	2668	2
2669	2653	0
2669	2653	1
2669	2653	2
2668	2670	0
2668	2670	1
2668	2670	2
2661	2671	0
2661	2671	1
2661	2671	2
2672	2649	0
2672	2649	1
2672	2649	2
2673	2674	0
2673	2674	1
2673	2674	2
2675	2674	0
2675	2674	1
2675	2674	2
2676	2670	0
2676	2670	1
2676	2670	2
2677	2678	0
2677	2678	1
2677	2678	2
2647	2679	0
2647	2679	1
2647	2679	2
2680	2643	0
2680	2643	1
2680	2643	2
2647	2663	0
2647	2663	1
2647	2663	2
2661	2681	0
2661	2681	1
2661	2681	2
2646	2682	0
2646	2682	1
2646	2682	2
2683	2684	0
2683	2684	1
2683	2684	2
2685	2686	0
2685	2686	1
2685	2686	2
2672	2687	0
2672	2687	1
2672	2687	2
2679	2688	0
2679	2688	1
2679	2688	2
2689	2690	0
2689	2690	1
2689	2690	2
2691	2648	0
2691	2648	1
2691	2648	2
2692	2693	0
2692	2693	1
2692	2693	2
2647	2688	0
2647	2688	1
2647	2688	2
2672	2658	0
2672	2658	1
2672	2658	2
2679	2663	0
2679	2663	1
2679	2663	2
2686	2694	0
2686	2694	1
2686	2694	2
2675	2695	0
2675	2695	1
2675	2695	2
2653	2696	0
2653	2696	1
2653	2696	2
2657	2650	0
2657	2650	1
2657	2650	2
2697	2692	0
2697	2692	1
2697	2692	2
2664	2662	0
2664	2662	1
2664	2662	2
2643	2656	0
2643	2656	1
2643	2656	2
2698	2665	0
2698	2665	1
2698	2665	2
2648	2688	0
2648	2688	1
2648	2688	2
2664	2681	0
2664	2681	1
2664	2681	2
2650	2699	0
2650	2699	1
2650	2699	2
2700	2701	0
2700	2701	1
2700	2701	2
2702	2703	0
2702	2703	1
2702	2703	2
2689	2697	0
2689	2697	1
2689	2697	2
2677	2683	0
2677	2683	1
2677	2683	2
2704	2682	0
2704	2682	1
2704	2682	2
2705	2651	0
2705	2651	1
2705	2651	2
2663	2700	0
2663	2700	1
2663	2700	2
2649	2687	0
2649	2687	1
2649	2687	2
2706	2707	0
2706	2707	1
2706	2707	2
2649	2657	0
2649	2657	1
2649	2657	2
2708	2684	0
2708	2684	1
2708	2684	2
2709	2710	0
2709	2710	1
2709	2710	2
2683	2678	0
2683	2678	1
2683	2678	2
2711	2689	0
2711	2689	1
2711	2689	2
2671	2681	0
2671	2681	1
2671	2681	2
2709	2661	0
2709	2661	1
2709	2661	2
2646	2712	0
2646	2712	1
2646	2712	2
2684	2678	0
2684	2678	1
2684	2678	2
2645	2704	0
2645	2704	1
2645	2704	2
2648	2713	0
2648	2713	1
2648	2713	2
2714	2715	0
2714	2715	1
2714	2715	2
2716	2717	0
2716	2717	1
2716	2717	2
2718	2719	0
2718	2719	1
2718	2719	2
2688	2701	0
2688	2701	1
2688	2701	2
2691	2663	0
2691	2663	1
2691	2663	2
2700	2713	0
2700	2713	1
2700	2713	2
2707	2720	0
2707	2720	1
2707	2720	2
2660	2683	0
2660	2683	1
2660	2683	2
2663	2688	0
2663	2688	1
2663	2688	2
2720	2721	0
2720	2721	1
2720	2721	2
2722	2723	0
2722	2723	1
2722	2723	2
2677	2708	0
2677	2708	1
2677	2708	2
2695	2674	0
2695	2674	1
2695	2674	2
2710	2662	0
2710	2662	1
2710	2662	2
2664	2710	0
2664	2710	1
2664	2710	2
2724	2667	0
2724	2667	1
2724	2667	2
2723	2714	0
2723	2714	1
2723	2714	2
2725	2667	0
2725	2667	1
2725	2667	2
2659	2683	0
2659	2683	1
2659	2683	2
2668	2676	0
2668	2676	1
2668	2676	2
2652	2716	0
2652	2716	1
2652	2716	2
2651	2726	0
2651	2726	1
2651	2726	2
2719	2709	0
2719	2709	1
2719	2709	2
2685	2703	0
2685	2703	1
2685	2703	2
2679	2648	0
2679	2648	1
2679	2648	2
2680	2644	0
2680	2644	1
2680	2644	2
2699	2715	0
2699	2715	1
2699	2715	2
2675	2673	0
2675	2673	1
2675	2673	2
2680	2656	0
2680	2656	1
2680	2656	2
2689	2727	0
2689	2727	1
2689	2727	2
2691	2679	0
2691	2679	1
2691	2679	2
2658	2722	0
2658	2722	1
2658	2722	2
2702	2686	0
2702	2686	1
2702	2686	2
2659	2678	0
2659	2678	1
2659	2678	2
2689	2692	0
2689	2692	1
2689	2692	2
2700	2648	0
2700	2648	1
2700	2648	2
2728	2670	0
2728	2670	1
2728	2670	2
2711	2727	0
2711	2727	1
2711	2727	2
2725	2676	0
2725	2676	1
2725	2676	2
2654	2729	0
2654	2729	1
2654	2729	2
2698	2717	0
2698	2717	1
2698	2717	2
2730	2645	0
2730	2645	1
2730	2645	2
2721	2696	0
2721	2696	1
2721	2696	2
2660	2684	0
2660	2684	1
2660	2684	2
2731	2730	0
2731	2730	1
2731	2730	2
2661	2710	0
2661	2710	1
2661	2710	2
2732	2690	0
2732	2690	1
2732	2690	2
2667	2670	0
2667	2670	1
2667	2670	2
2646	2733	0
2646	2733	1
2646	2733	2
2658	2650	0
2658	2650	1
2658	2650	2
2666	2645	0
2666	2645	1
2666	2645	2
2734	2723	0
2734	2723	1
2734	2723	2
2644	2705	0
2644	2705	1
2644	2705	2
2717	2731	0
2717	2731	1
2717	2731	2
2665	2730	0
2665	2730	1
2665	2730	2
2649	2722	0
2649	2722	1
2649	2722	2
2711	2732	0
2711	2732	1
2711	2732	2
2734	2699	0
2734	2699	1
2734	2699	2
2726	2735	0
2726	2735	1
2726	2735	2
2736	2651	0
2736	2651	1
2736	2651	2
2726	2652	0
2726	2652	1
2726	2652	2
2734	2650	0
2734	2650	1
2734	2650	2
2713	2701	0
2713	2701	1
2713	2701	2
2647	2700	0
2647	2700	1
2647	2700	2
2656	2644	0
2656	2644	1
2656	2644	2
2721	2653	0
2721	2653	1
2721	2653	2
2688	2713	0
2688	2713	1
2688	2713	2
2724	2725	0
2724	2725	1
2724	2725	2
2655	2680	0
2655	2680	1
2655	2680	2
2700	2688	0
2700	2688	1
2700	2688	2
2684	2724	0
2684	2724	1
2684	2724	2
2660	2724	0
2660	2724	1
2660	2724	2
2708	2678	0
2708	2678	1
2708	2678	2
2685	2702	0
2685	2702	1
2685	2702	2
2691	2700	0
2691	2700	1
2691	2700	2
2677	2660	0
2677	2660	1
2677	2660	2
2726	2716	0
2726	2716	1
2726	2716	2
2673	2695	0
2673	2695	1
2673	2695	2
2737	2719	0
2737	2719	1
2737	2719	2
2678	2724	0
2678	2724	1
2678	2724	2
2738	2718	0
2738	2718	1
2738	2718	2
2683	2724	0
2683	2724	1
2683	2724	2
2657	2734	0
2657	2734	1
2657	2734	2
2721	2654	0
2721	2654	1
2721	2654	2
2691	2688	0
2691	2688	1
2691	2688	2
2738	2737	0
2738	2737	1
2738	2737	2
2655	2644	0
2655	2644	1
2655	2644	2
2703	2686	0
2703	2686	1
2703	2686	2
2653	2729	0
2653	2729	1
2653	2729	2
2655	2643	0
2655	2643	1
2655	2643	2
2668	2728	0
2668	2728	1
2668	2728	2
2715	2706	0
2715	2706	1
2715	2706	2
2667	2676	0
2667	2676	1
2667	2676	2
2696	2654	0
2696	2654	1
2696	2654	2
2737	2709	0
2737	2709	1
2737	2709	2
2648	2701	0
2648	2701	1
2648	2701	2
2711	2690	0
2711	2690	1
2711	2690	2
2690	2697	0
2690	2697	1
2690	2697	2
2736	2652	0
2736	2652	1
2736	2652	2
2677	2684	0
2677	2684	1
2677	2684	2
2697	2693	0
2697	2693	1
2697	2693	2
2727	2692	0
2727	2692	1
2727	2692	2
2704	2712	0
2704	2712	1
2704	2712	2
2659	2684	0
2659	2684	1
2659	2684	2
2649	2658	0
2649	2658	1
2649	2658	2
2725	2728	0
2725	2728	1
2725	2728	2
2714	2706	0
2714	2706	1
2714	2706	2
2659	2708	0
2659	2708	1
2659	2708	2
2725	2668	0
2725	2668	1
2725	2668	2
2732	2689	0
2732	2689	1
2732	2689	2
2664	2671	0
2664	2671	1
2664	2671	2
2649	2734	0
2649	2734	1
2649	2734	2
2669	2720	0
2669	2720	1
2669	2720	2
2650	2723	0
2650	2723	1
2650	2723	2
2710	2671	0
2710	2671	1
2710	2671	2
2718	2737	0
2718	2737	1
2718	2737	2
2727	2690	0
2727	2690	1
2727	2690	2
2691	2647	0
2691	2647	1
2691	2647	2
2727	2697	0
2727	2697	1
2727	2697	2
2704	2733	0
2704	2733	1
2704	2733	2
2722	2699	0
2722	2699	1
2722	2699	2
2687	2657	0
2687	2657	1
2687	2657	2
2731	2666	0
2731	2666	1
2731	2666	2
2730	2666	0
2730	2666	1
2730	2666	2
2667	2728	0
2667	2728	1
2667	2728	2
2659	2677	0
2659	2677	1
2659	2677	2
2699	2714	0
2699	2714	1
2699	2714	2
2705	2736	0
2705	2736	1
2705	2736	2
2708	2683	0
2708	2683	1
2708	2683	2
2735	2698	0
2735	2698	1
2735	2698	2
2686	2739	0
2686	2739	1
2686	2739	2
2734	2722	0
2734	2722	1
2734	2722	2
2733	2682	0
2733	2682	1
2733	2682	2
2657	2722	0
2657	2722	1
2657	2722	2
2687	2658	0
2687	2658	1
2687	2658	2
2689	2693	0
2689	2693	1
2689	2693	2
2733	2712	0
2733	2712	1
2733	2712	2
2716	2735	0
2716	2735	1
2716	2735	2
2727	2693	0
2727	2693	1
2727	2693	2
2687	2734	0
2687	2734	1
2687	2734	2
2201	2202	0
2201	2202	1
2201	2202	2
2203	2204	0
2203	2204	1
2203	2204	2
2205	2206	0
2205	2206	1
2205	2206	2
2207	2208	0
2207	2208	1
2207	2208	2
2209	2210	0
2209	2210	1
2209	2210	2
2211	2212	0
2211	2212	1
2211	2212	2
2213	2214	0
2213	2214	1
2213	2214	2
2214	2215	0
2214	2215	1
2214	2215	2
2216	2217	0
2216	2217	1
2216	2217	2
2218	2219	0
2218	2219	1
2218	2219	2
2202	2220	0
2202	2220	1
2202	2220	2
2221	2219	0
2221	2219	1
2221	2219	2
2221	2218	0
2221	2218	1
2221	2218	2
2222	2223	0
2222	2223	1
2222	2223	2
2219	2223	0
2219	2223	1
2219	2223	2
2224	2225	0
2224	2225	1
2224	2225	2
2217	2226	0
2217	2226	1
2217	2226	2
2227	2206	0
2227	2206	1
2227	2206	2
2228	2229	0
2228	2229	1
2228	2229	2
2230	2231	0
2230	2231	1
2230	2231	2
2203	2220	0
2203	2220	1
2203	2220	2
2204	2232	0
2204	2232	1
2204	2232	2
2233	2234	0
2233	2234	1
2233	2234	2
2235	2232	0
2235	2232	1
2235	2232	2
2205	2236	0
2205	2236	1
2205	2236	2
2203	2202	0
2203	2202	1
2203	2202	2
2216	2210	0
2216	2210	1
2216	2210	2
2237	2238	0
2237	2238	1
2237	2238	2
2212	2205	0
2212	2205	1
2212	2205	2
2239	2240	0
2239	2240	1
2239	2240	2
2231	2241	0
2231	2241	1
2231	2241	2
2220	2232	0
2220	2232	1
2220	2232	2
2238	2242	0
2238	2242	1
2238	2242	2
2220	2243	0
2220	2243	1
2220	2243	2
2211	2236	0
2211	2236	1
2211	2236	2
2244	2245	0
2244	2245	1
2244	2245	2
2246	2241	0
2246	2241	1
2246	2241	2
2233	2247	0
2233	2247	1
2233	2247	2
2240	2210	0
2240	2210	1
2240	2210	2
2248	2201	0
2248	2201	1
2248	2201	2
2202	2204	0
2202	2204	1
2202	2204	2
2249	2231	0
2249	2231	1
2249	2231	2
2250	2206	0
2250	2206	1
2250	2206	2
2226	2251	0
2226	2251	1
2226	2251	2
2209	2216	0
2209	2216	1
2209	2216	2
2251	2229	0
2251	2229	1
2251	2229	2
2252	2216	0
2252	2216	1
2252	2216	2
2219	2222	0
2219	2222	1
2219	2222	2
2253	2211	0
2253	2211	1
2253	2211	2
2254	2255	0
2254	2255	1
2254	2255	2
2238	2256	0
2238	2256	1
2238	2256	2
2208	2257	0
2208	2257	1
2208	2257	2
2258	2224	0
2258	2224	1
2258	2224	2
2212	2206	0
2212	2206	1
2212	2206	2
2236	2250	0
2236	2250	1
2236	2250	2
2256	2242	0
2256	2242	1
2256	2242	2
2238	2259	0
2238	2259	1
2238	2259	2
2260	2261	0
2260	2261	1
2260	2261	2
2223	2246	0
2223	2246	1
2223	2246	2
2230	2246	0
2230	2246	1
2230	2246	2
2210	2226	0
2210	2226	1
2210	2226	2
2262	2224	0
2262	2224	1
2262	2224	2
2239	2252	0
2239	2252	1
2239	2252	2
2263	2240	0
2263	2240	1
2263	2240	2
2235	2243	0
2235	2243	1
2235	2243	2
2206	2239	0
2206	2239	1
2206	2239	2
2250	2263	0
2250	2263	1
2250	2263	2
2252	2217	0
2252	2217	1
2252	2217	2
