834	835	834	835
836	837	836	837
838	839	838	839
840	841	840	841
836	842	836	842
843	844	843	844
845	846	845	846
847	840	847	840
848	849	848	849
850	841	850	841
851	852	851	852
853	854	853	854
851	855	851	855
835	856	835	856
857	858	857	858
859	860	859	860
854	841	854	841
861	862	861	862
853	863	853	863
836	864	836	864
854	863	854	863
865	841	865	841
865	839	865	839
853	851	853	851
866	867	866	867
850	854	850	854
842	868	842	868
857	853	857	853
860	869	860	869
870	850	870	850
836	860	836	860
859	869	859	869
871	844	871	844
835	846	835	846
839	852	839	852
857	850	857	850
844	849	844	849
847	857	847	857
838	853	838	853
837	860	837	860
872	873	872	873
837	864	837	864
844	866	844	866
854	874	854	874
865	875	865	875
876	868	876	868
877	878	877	878
851	875	851	875
856	879	856	879
849	880	849	880
852	877	852	877
870	851	870	851
879	881	879	881
872	871	872	871
847	865	847	865
849	867	849	867
869	882	869	882
837	842	837	842
880	883	880	883
858	863	858	863
850	853	850	853
852	843	852	843
847	850	847	850
870	839	870	839
851	874	851	874
848	867	848	867
850	858	850	858
854	852	854	852
836	882	836	882
865	855	865	855
850	840	850	840
865	854	865	854
837	868	837	868
850	839	850	839
884	877	884	877
870	865	870	865
840	839	840	839
869	864	869	864
851	839	851	839
860	868	860	868
884	871	884	871
870	838	870	838
872	844	872	844
856	885	856	885
866	886	866	886
859	842	859	842
843	872	843	872
845	835	845	835
873	848	873	848
887	862	887	862
885	881	885	881
841	839	841	839
838	875	838	875
859	864	859	864
841	874	841	874
879	888	879	888
855	874	855	874
853	875	853	875
843	877	843	877
876	882	876	882
876	842	876	842
856	888	856	888
873	844	873	844
878	848	878	848
870	875	870	875
834	856	834	856
837	869	837	869
847	858	847	858
857	870	857	870
838	855	838	855
859	882	859	882
837	882	837	882
838	858	838	858
871	878	871	878
858	841	858	841
850	851	850	851
873	867	873	867
843	873	843	873
889	883	889	883
843	878	843	878
843	871	843	871
838	841	838	841
870	853	870	853
878	866	878	866
875	839	875	839
847	870	847	870
841	863	841	863
868	864	868	864
853	855	853	855
858	853	858	853
852	872	852	872
850	863	850	863
857	838	857	838
855	839	855	839
853	841	853	841
870	841	870	841
840	853	840	853
841	852	841	852
863	852	863	852
838	865	838	865
880	889	880	889
878	849	878	849
868	869	868	869
871	873	871	873
876	864	876	864
852	874	852	874
855	852	855	852
880	886	880	886
864	882	864	882
848	880	848	880
888	881	888	881
851	841	851	841
888	885	888	885
878	844	878	844
854	839	854	839
874	843	874	843
840	875	840	875
859	876	859	876
876	860	876	860
870	858	870	858
879	885	879	885
838	840	838	840
836	868	836	868
850	855	850	855
842	864	842	864
875	855	875	855
865	851	865	851
865	858	865	858
860	864	860	864
849	886	849	886
845	856	845	856
881	887	881	887
834	846	834	846
859	837	859	837
874	871	874	871
852	871	852	871
878	867	878	867
840	851	840	851
839	874	839	874
858	875	858	875
884	844	884	844
842	882	842	882
875	852	875	852
863	874	863	874
874	884	874	884
870	840	870	840
840	863	840	863
868	882	868	882
872	884	872	884
870	863	870	863
844	867	844	867
840	854	840	854
858	839	858	839
859	868	859	868
851	854	851	854
866	880	866	880
847	838	847	838
836	876	836	876
851	863	851	863
872	877	872	877
842	869	842	869
858	855	858	855
839	863	839	863
841	855	841	855
858	854	858	854
870	854	870	854
858	851	858	851
876	869	876	869
846	856	846	856
875	863	875	863
850	838	850	838
871	877	871	877
867	886	867	886
857	865	857	865
870	855	870	855
862	857	862	857
860	842	860	842
873	878	873	878
855	863	855	863
866	849	866	849
875	841	875	841
840	858	840	858
2500	2501	2500	2501
2502	2503	2502	2503
2504	2505	2504	2505
2506	2507	2506	2507
2508	2509	2508	2509
2510	2503	2510	2503
2511	2512	2511	2512
2513	2514	2513	2514
2515	2513	2515	2513
2516	2517	2516	2517
2511	2518	2511	2518
2513	2519	2513	2519
2515	2503	2515	2503
2520	2521	2520	2521
2514	2519	2514	2519
2522	2521	2522	2521
2502	2522	2502	2522
2502	2519	2502	2519
2518	2516	2518	2516
2515	2522	2515	2522
2511	2509	2511	2509
2515	2519	2515	2519
2523	2524	2523	2524
2518	2525	2518	2525
2519	2521	2519	2521
2526	2521	2526	2521
2527	2528	2527	2528
2514	2503	2514	2503
2515	2502	2515	2502
2512	2517	2512	2517
2529	2505	2529	2505
2525	2516	2525	2516
2508	2530	2508	2530
2531	2514	2531	2514
2532	2529	2532	2529
2505	2524	2505	2524
2517	2530	2517	2530
2515	2514	2515	2514
2511	2508	2511	2508
2519	2522	2519	2522
2504	2523	2504	2523
2508	2505	2508	2505
2532	2525	2532	2525
2533	2510	2533	2510
2534	2501	2534	2501
2529	2517	2529	2517
2535	2500	2535	2500
2511	2536	2511	2536
2520	2513	2520	2513
2525	2504	2525	2504
2537	2534	2537	2534
2531	2533	2531	2533
2536	2517	2536	2517
2537	2501	2537	2501
2536	2512	2536	2512
2513	2510	2513	2510
2538	2527	2538	2527
2518	2509	2518	2509
2510	2538	2510	2538
2530	2504	2530	2504
2537	2500	2537	2500
2515	2533	2515	2533
2520	2531	2520	2531
2516	2512	2516	2512
2510	2506	2510	2506
2520	2502	2520	2502
2511	2532	2511	2532
2526	2519	2526	2519
2520	2514	2520	2514
2539	2540	2539	2540
2532	2512	2532	2512
2531	2522	2531	2522
2513	2526	2513	2526
2505	2523	2505	2523
2541	2528	2541	2528
2531	2502	2531	2502
2512	2504	2512	2504
2512	2505	2512	2505
2520	2515	2520	2515
2530	2523	2530	2523
2515	2510	2515	2510
2514	2526	2514	2526
2516	2529	2516	2529
2526	2510	2526	2510
2533	2502	2533	2502
2538	2506	2538	2506
2502	2538	2502	2538
2522	2538	2522	2538
2536	2532	2536	2532
2510	2541	2510	2541
2502	2521	2502	2521
2516	2509	2516	2509
2542	2540	2542	2540
2515	2526	2515	2526
2525	2508	2525	2508
2506	2528	2506	2528
2541	2507	2541	2507
2510	2521	2510	2521
2535	2534	2535	2534
2530	2505	2530	2505
2531	2510	2531	2510
2503	2538	2503	2538
2525	2517	2525	2517
2511	2516	2511	2516
2516	2505	2516	2505
2503	2521	2503	2521
2536	2518	2536	2518
2531	2526	2531	2526
2519	2541	2519	2541
2518	2529	2518	2529
2525	2530	2525	2530
2540	2535	2540	2535
2520	2522	2520	2522
2500	2534	2500	2534
2532	2516	2532	2516
2525	2505	2525	2505
2529	2509	2529	2509
2533	2522	2533	2522
2516	2530	2516	2530
2526	2503	2526	2503
2514	2502	2514	2502
2528	2507	2528	2507
2503	2541	2503	2541
2536	2508	2536	2508
2521	2541	2521	2541
2514	2522	2514	2522
2529	2530	2529	2530
2518	2512	2518	2512
2510	2522	2510	2522
2526	2502	2526	2502
2520	2510	2520	2510
2516	2504	2516	2504
2513	2521	2513	2521
2513	2533	2513	2533
2519	2503	2519	2503
2514	2510	2514	2510
2542	2535	2542	2535
2522	2506	2522	2506
2522	2503	2522	2503
2513	2502	2513	2502
2510	2519	2510	2519
2503	2506	2503	2506
2526	2533	2526	2533
2536	2509	2536	2509
2530	2524	2530	2524
2518	2517	2518	2517
2531	2521	2531	2521
2539	2535	2539	2535
2515	2531	2515	2531
2539	2542	2539	2542
2504	2524	2504	2524
2518	2532	2518	2532
2517	2505	2517	2505
2502	2510	2502	2510
2511	2529	2511	2529
2536	2525	2536	2525
2520	2526	2520	2526
2514	2533	2514	2533
2532	2508	2532	2508
2531	2503	2531	2503
2532	2517	2532	2517
2525	2509	2525	2509
2538	2507	2538	2507
2520	2533	2520	2533
2532	2509	2532	2509
2520	2519	2520	2519
2512	2530	2512	2530
2514	2521	2514	2521
2519	2538	2519	2538
2512	2509	2512	2509
2541	2527	2541	2527
2513	2522	2513	2522
2515	2521	2515	2521
2521	2506	2521	2506
2509	2505	2509	2505
2522	2541	2522	2541
2538	2528	2538	2528
2502	2506	2502	2506
2511	2525	2511	2525
2529	2504	2529	2504
2337	2338	2337	2338
2339	2340	2339	2340
2341	2342	2341	2342
2343	2344	2343	2344
2341	2345	2341	2345
2346	2347	2346	2347
2348	2349	2348	2349
2350	2349	2350	2349
2351	2352	2351	2352
2342	2345	2342	2345
2353	2354	2353	2354
2355	2356	2355	2356
2357	2358	2357	2358
2359	2360	2359	2360
2361	2362	2361	2362
2357	2363	2357	2363
2339	2364	2339	2364
2365	2366	2365	2366
2367	2363	2367	2363
2368	2369	2368	2369
2370	2371	2370	2371
2372	2373	2372	2373
2340	2354	2340	2354
2337	2374	2337	2374
2375	2376	2375	2376
2377	2378	2377	2378
2379	2380	2379	2380
2376	2381	2376	2381
2382	2350	2382	2350
2368	2383	2368	2383
2384	2385	2384	2385
2386	2387	2386	2387
2388	2389	2388	2389
2390	2337	2390	2337
2391	2362	2391	2362
2392	2393	2392	2393
2394	2395	2394	2395
2396	2397	2396	2397
2361	2398	2361	2398
2391	2399	2391	2399
2395	2381	2395	2381
2375	2381	2375	2381
2392	2398	2392	2398
2400	2401	2400	2401
2402	2403	2402	2403
2340	2356	2340	2356
2404	2405	2404	2405
2358	2406	2358	2406
2407	2353	2407	2353
2388	2380	2388	2380
2408	2409	2408	2409
2381	2403	2381	2403
2395	2402	2395	2402
2379	2350	2379	2350
2407	2397	2407	2397
2383	2410	2383	2410
2374	2352	2374	2352
2389	2348	2389	2348
2411	2412	2411	2412
2413	2367	2413	2367
2414	2415	2414	2415
2400	2373	2400	2373
2405	2409	2405	2409
2408	2343	2408	2343
2373	2413	2373	2413
2341	2416	2341	2416
2417	2418	2417	2418
2419	2376	2419	2376
2420	2394	2420	2394
2349	2387	2349	2387
2350	2383	2350	2383
2421	2411	2421	2411
2350	2422	2350	2422
2380	2368	2380	2368
2361	2399	2361	2399
2423	2400	2423	2400
2339	2355	2339	2355
2387	2410	2387	2410
2420	2376	2420	2376
2424	2391	2424	2391
2363	2420	2363	2420
2379	2348	2379	2348
2394	2402	2394	2402
2425	2339	2425	2339
2406	2420	2406	2420
2385	2390	2385	2390
2346	2351	2346	2351
2426	2352	2426	2352
2373	2367	2373	2367
2391	2398	2391	2398
2349	2383	2349	2383
2361	2424	2361	2424
2427	2428	2427	2428
2429	2423	2429	2423
2343	2409	2343	2409
2422	2387	2422	2387
2422	2410	2422	2410
2348	2368	2348	2368
2410	2430	2410	2430
2350	2380	2350	2380
2431	2359	2431	2359
2432	2359	2432	2359
2424	2362	2424	2362
2373	2357	2373	2357
2356	2433	2356	2433
2375	2402	2375	2402
2393	2416	2393	2416
2434	2390	2434	2390
2407	2364	2407	2364
2398	2393	2398	2393
2370	2435	2370	2435
2368	2410	2368	2410
2419	2381	2419	2381
2382	2380	2382	2380
2358	2427	2358	2427
2351	2426	2351	2426
2436	2437	2436	2437
2347	2438	2347	2438
2348	2387	2348	2387
2349	2410	2349	2410
2349	2368	2349	2368
2353	2340	2353	2340
2364	2354	2364	2354
2410	2369	2410	2369
2413	2357	2413	2357
2369	2430	2369	2430
2354	2433	2354	2433
2353	2356	2353	2356
2355	2340	2355	2340
2407	2425	2407	2425
2397	2353	2397	2353
2415	2384	2415	2384
2359	2421	2359	2421
2385	2439	2385	2439
2440	2438	2440	2438
2431	2432	2431	2432
2358	2420	2358	2420
2441	2356	2441	2356
2372	2401	2372	2401
2424	2398	2424	2398
2342	2418	2342	2418
2401	2367	2401	2367
2428	2420	2428	2420
2368	2422	2368	2422
2355	2354	2355	2354
2365	2442	2365	2442
2408	2405	2408	2405
2383	2369	2383	2369
2388	2382	2388	2382
2361	2391	2361	2391
2350	2368	2350	2368
2355	2441	2355	2441
2399	2393	2399	2393
2399	2392	2399	2392
2345	2443	2345	2443
2394	2381	2394	2381
2362	2392	2362	2392
2376	2395	2376	2395
2366	2371	2366	2371
2380	2422	2380	2422
2434	2444	2434	2444
2441	2433	2441	2433
2389	2380	2389	2380
2366	2435	2366	2435
2349	2422	2349	2422
2440	2437	2440	2437
2350	2386	2350	2386
2399	2398	2399	2398
2430	2414	2430	2414
2442	2371	2442	2371
2348	2350	2348	2350
2389	2379	2389	2379
2346	2374	2346	2374
2430	2445	2430	2445
2432	2360	2432	2360
2402	2381	2402	2381
2352	2436	2352	2436
2367	2427	2367	2427
2380	2387	2380	2387
2409	2344	2409	2344
2388	2379	2388	2379
2338	2352	2338	2352
2442	2370	2442	2370
2362	2393	2362	2393
2361	2392	2361	2392
2351	2374	2351	2374
2434	2439	2434	2439
2420	2419	2420	2419
2380	2386	2380	2386
2446	2447	2446	2447
2339	2353	2339	2353
2340	2441	2340	2441
2358	2428	2358	2428
2403	2377	2403	2377
2367	2428	2367	2428
2396	2339	2396	2339
2427	2420	2427	2420
2377	2404	2377	2404
2348	2422	2348	2422
2347	2436	2347	2436
2448	2365	2448	2365
2401	2357	2401	2357
2442	2366	2442	2366
2420	2375	2420	2375
2425	2340	2425	2340
2446	2448	2446	2448
2449	2446	2449	2446
2450	2359	2450	2359
2368	2387	2368	2387
2438	2436	2438	2436
2439	2390	2439	2390
2383	2387	2383	2387
2393	2342	2393	2342
2429	2451	2429	2451
2360	2411	2360	2411
2358	2363	2358	2363
2389	2382	2389	2382
2450	2421	2450	2421
2393	2417	2393	2417
2451	2400	2451	2400
2452	2412	2452	2412
2376	2402	2376	2402
2348	2380	2348	2380
2396	2407	2396	2407
2407	2355	2407	2355
2354	2356	2354	2356
2416	2418	2416	2418
2337	2426	2337	2426
2345	2431	2345	2431
2401	2413	2401	2413
2374	2347	2374	2347
2380	2349	2380	2349
2367	2406	2367	2406
2404	2409	2404	2409
2399	2362	2399	2362
2417	2345	2417	2345
2425	2353	2425	2353
2338	2347	2338	2347
2386	2383	2386	2383
2412	2453	2412	2453
2454	2365	2454	2365
2341	2418	2341	2418
2353	2364	2353	2364
2416	2345	2416	2345
2443	2432	2443	2432
2341	2417	2341	2417
2453	2455	2453	2455
2377	2456	2377	2456
2422	2369	2422	2369
2386	2349	2386	2349
2374	2426	2374	2426
2404	2408	2404	2408
2407	2339	2407	2339
2416	2342	2416	2342
2388	2348	2388	2348
2418	2345	2418	2345
2389	2386	2389	2386
2338	2351	2338	2351
2397	2364	2397	2364
2338	2374	2338	2374
2447	2448	2447	2448
2343	2405	2343	2405
2365	2370	2365	2370
2400	2372	2400	2372
2397	2355	2397	2355
2411	2452	2411	2452
2355	2364	2355	2364
2388	2350	2388	2350
2348	2386	2348	2386
2404	2343	2404	2343
2447	2454	2447	2454
2388	2386	2388	2386
2382	2386	2382	2386
2394	2376	2394	2376
2372	2413	2372	2413
2357	2428	2357	2428
2347	2440	2347	2440
2389	2350	2389	2350
2403	2378	2403	2378
2423	2372	2423	2372
2371	2435	2371	2435
2340	2364	2340	2364
2391	2392	2391	2392
2450	2360	2450	2360
2363	2428	2363	2428
2416	2417	2416	2417
2427	2363	2427	2363
2443	2431	2443	2431
2370	2366	2370	2366
2378	2404	2378	2404
2350	2387	2350	2387
2353	2355	2353	2355
2432	2421	2432	2421
2403	2456	2403	2456
2419	2402	2419	2402
2393	2418	2393	2418
2426	2347	2426	2347
2439	2444	2439	2444
2424	2399	2424	2399
2444	2390	2444	2390
2337	2346	2337	2346
2346	2426	2346	2426
2451	2423	2451	2423
2408	2344	2408	2344
2352	2438	2352	2438
2406	2428	2406	2428
2431	2450	2431	2450
2424	2392	2424	2392
2382	2379	2382	2379
2456	2404	2456	2404
2338	2426	2338	2426
3287	3288	3287	3288
3289	3290	3289	3290
3291	3292	3291	3292
3293	3294	3293	3294
3295	3296	3295	3296
3297	3298	3297	3298
3299	3300	3299	3300
3301	3302	3301	3302
3303	3304	3303	3304
3305	3306	3305	3306
3307	3294	3307	3294
3294	3308	3294	3308
3309	3308	3309	3308
3303	3310	3303	3310
3311	3307	3311	3307
3312	3313	3312	3313
3299	3294	3299	3294
3314	3315	3314	3315
3316	3317	3316	3317
3318	3319	3318	3319
3320	3312	3320	3312
3321	3322	3321	3322
3323	3320	3323	3320
3324	3299	3324	3299
3311	3325	3311	3325
3325	3307	3325	3307
3326	3320	3326	3320
3324	3327	3324	3327
3328	3329	3328	3329
3318	3330	3318	3330
3308	3331	3308	3331
3332	3323	3332	3323
3293	3333	3293	3333
3334	3335	3334	3335
3336	3333	3336	3333
3337	3338	3337	3338
3306	3339	3306	3339
3340	3338	3340	3338
3309	3299	3309	3299
3341	3342	3341	3342
3343	3328	3343	3328
3294	3333	3294	3333
3326	3344	3326	3344
3296	3345	3296	3345
3346	3347	3346	3347
3348	3330	3348	3330
3329	3298	3329	3298
3349	3317	3349	3317
3290	3350	3290	3350
3333	3351	3333	3351
3309	3333	3309	3333
3336	3351	3336	3351
3295	3352	3295	3352
3313	3329	3313	3329
3353	3354	3353	3354
3337	3340	3337	3340
3321	3355	3321	3355
3305	3339	3305	3339
3356	3342	3356	3342
3357	3332	3357	3332
3328	3297	3328	3297
3351	3331	3351	3331
3338	3346	3338	3346
3294	3300	3294	3300
3358	3359	3358	3359
3360	3331	3360	3331
3361	3316	3361	3316
3338	3288	3338	3288
3362	3363	3362	3363
3364	3303	3364	3303
3365	3311	3365	3311
3366	3367	3366	3367
3368	3369	3368	3369
3306	3370	3306	3370
3371	3372	3371	3372
3333	3360	3333	3360
3373	3371	3373	3371
3319	3330	3319	3330
3350	3374	3350	3374
3343	3313	3343	3313
3361	3317	3361	3317
3299	3351	3299	3351
3354	3337	3354	3337
3367	3339	3367	3339
3375	3376	3375	3376
3371	3377	3371	3377
3370	3378	3370	3378
3293	3300	3293	3300
3339	3370	3339	3370
3371	3379	3371	3379
3299	3336	3299	3336
3380	3304	3380	3304
3379	3377	3379	3377
3381	3292	3381	3292
3293	3336	3293	3336
3311	3327	3311	3327
3368	3316	3368	3316
3324	3336	3324	3336
3367	3305	3367	3305
3335	3382	3335	3382
3310	3383	3310	3383
3309	3351	3309	3351
3368	3361	3368	3361
3351	3360	3351	3360
3293	3351	3293	3351
3300	3331	3300	3331
3325	3327	3325	3327
3331	3334	3331	3334
3300	3333	3300	3333
3348	3319	3348	3319
3307	3327	3307	3327
3378	3301	3378	3301
3327	3363	3327	3363
3318	3384	3318	3384
3385	3305	3385	3305
3374	3386	3374	3386
3294	3351	3294	3351
3294	3336	3294	3336
3367	3306	3367	3306
3373	3372	3373	3372
3308	3360	3308	3360
3375	3387	3375	3387
3329	3297	3329	3297
3310	3380	3310	3380
3299	3308	3299	3308
3307	3299	3307	3299
3382	3303	3382	3303
3307	3324	3307	3324
3288	3347	3288	3347
3292	3359	3292	3359
3369	3361	3369	3361
3360	3364	3360	3364
3300	3308	3300	3308
3311	3363	3311	3363
3304	3383	3304	3383
3324	3294	3324	3294
3293	3308	3293	3308
3324	3309	3324	3309
3320	3343	3320	3343
3381	3291	3381	3291
3365	3325	3365	3325
3354	3388	3354	3388
3368	3349	3368	3349
3322	3302	3322	3302
3300	3351	3300	3351
3293	3299	3293	3299
3321	3301	3321	3301
3307	3293	3307	3293
3368	3317	3368	3317
3389	3295	3389	3295
3311	3324	3311	3324
3364	3382	3364	3382
3309	3336	3309	3336
3327	3309	3327	3309
3388	3337	3388	3337
3327	3294	3327	3294
3390	3391	3390	3391
3355	3302	3355	3302
3309	3300	3309	3300
3378	3355	3378	3355
3331	3364	3331	3364
3366	3339	3366	3339
3332	3344	3332	3344
3311	3362	3311	3362
3382	3304	3382	3304
3369	3316	3369	3316
3312	3328	3312	3328
3330	3384	3330	3384
3333	3331	3333	3331
3369	3349	3369	3349
3373	3377	3373	3377
3382	3310	3382	3310
3366	3306	3366	3306
3341	3392	3341	3392
3334	3382	3334	3382
3344	3320	3344	3320
3358	3291	3358	3291
3374	3393	3374	3393
3336	3300	3336	3300
3340	3287	3340	3287
3362	3325	3362	3325
3370	3321	3370	3321
3377	3372	3377	3372
3369	3317	3369	3317
3358	3381	3358	3381
3394	3367	3394	3367
3382	3380	3382	3380
3381	3359	3381	3359
3308	3351	3308	3351
3361	3349	3361	3349
3307	3336	3307	3336
3299	3333	3299	3333
3348	3318	3348	3318
3356	3395	3356	3395
3312	3343	3312	3343
3379	3372	3379	3372
3395	3392	3395	3392
3384	3396	3384	3396
3342	3392	3342	3392
3387	3391	3387	3391
3326	3323	3326	3323
3395	3341	3395	3341
3325	3363	3325	3363
3291	3359	3291	3359
3319	3384	3319	3384
3349	3316	3349	3316
3307	3363	3307	3363
3373	3379	3373	3379
3360	3334	3360	3334
3363	3299	3363	3299
3355	3301	3355	3301
3390	3356	3390	3356
3385	3367	3385	3367
3346	3288	3346	3288
3309	3293	3309	3293
3387	3390	3387	3390
3380	3383	3380	3383
3386	3393	3386	3393
3331	3335	3331	3335
3336	3308	3336	3308
3350	3386	3350	3386
3352	3345	3352	3345
3376	3390	3376	3390
3308	3333	3308	3333
3394	3366	3394	3366
3360	3335	3360	3335
3325	3324	3325	3324
3353	3388	3353	3388
3327	3336	3327	3336
3385	3366	3385	3366
3363	3309	3363	3309
3321	3378	3321	3378
3345	3365	3345	3365
3362	3327	3362	3327
3363	3294	3363	3294
3363	3336	3363	3336
3363	3293	3363	3293
3376	3391	3376	3391
3309	3294	3309	3294
3364	3334	3364	3334
3322	3301	3322	3301
3313	3297	3313	3297
3327	3293	3327	3293
3335	3303	3335	3303
3393	3375	3393	3375
2136	2137	2136	2137
2138	2139	2138	2139
2140	2141	2140	2141
2142	2143	2142	2143
2144	2145	2144	2145
2146	2147	2146	2147
2148	2149	2148	2149
2148	2150	2148	2150
2151	2152	2151	2152
2140	2153	2140	2153
2154	2155	2154	2155
2156	2157	2156	2157
2155	2158	2155	2158
2142	2156	2142	2156
2159	2160	2159	2160
2138	2161	2138	2161
2147	2162	2147	2162
2155	2163	2155	2163
2141	2164	2141	2164
2139	2161	2139	2161
2165	2166	2165	2166
2167	2136	2167	2136
2168	2169	2168	2169
2152	2154	2152	2154
2170	2151	2170	2151
2171	2152	2171	2152
2172	2173	2172	2173
2174	2146	2174	2146
2175	2157	2175	2157
2176	2177	2176	2177
2173	2150	2173	2150
2171	2154	2171	2154
2153	2178	2153	2178
2158	2163	2158	2163
2179	2149	2179	2149
2150	2149	2150	2149
2165	2180	2165	2180
2155	2141	2155	2141
2141	2153	2141	2153
2163	2153	2163	2153
2158	2141	2158	2141
2138	2137	2138	2137
2161	2174	2161	2174
2156	2154	2156	2154
2148	2181	2148	2181
2182	2183	2182	2183
2184	2154	2184	2154
2184	2142	2184	2142
2166	2170	2166	2170
2170	2142	2170	2142
2173	2148	2173	2148
2185	2186	2185	2186
2184	2171	2184	2171
2141	2187	2141	2187
2188	2189	2188	2189
2183	2190	2183	2190
2184	2152	2184	2152
2164	2187	2164	2187
2191	2139	2191	2139
2173	2181	2173	2181
2157	2159	2157	2159
2184	2175	2184	2175
2177	2166	2177	2166
2167	2138	2167	2138
2143	2154	2143	2154
2192	2152	2192	2152
2149	2188	2149	2188
2143	2152	2143	2152
2153	2160	2153	2160
2192	2142	2192	2142
2136	2174	2136	2174
2142	2171	2142	2171
2193	2183	2193	2183
2192	2154	2192	2154
2170	2143	2170	2143
2147	2145	2147	2145
2181	2179	2181	2179
2192	2171	2192	2171
2190	2177	2190	2177
2155	2157	2155	2157
2146	2162	2146	2162
2167	2161	2167	2161
2136	2138	2136	2138
2162	2145	2162	2145
2182	2190	2182	2190
2175	2194	2175	2194
2189	2167	2189	2167
2195	2193	2195	2193
2168	2170	2168	2170
2154	2158	2154	2158
2159	2153	2159	2153
2172	2185	2172	2185
2196	2173	2196	2173
2173	2179	2173	2179
2165	2169	2165	2169
2144	2195	2144	2195
2159	2141	2159	2141
2140	2160	2140	2160
2196	2179	2196	2179
2175	2158	2175	2158
2172	2197	2172	2197
2194	2140	2194	2140
2159	2164	2159	2164
2160	2164	2160	2164
2191	2138	2191	2138
2194	2141	2194	2141
2165	2168	2165	2168
2155	2194	2155	2194
2177	2180	2177	2180
2143	2156	2143	2156
2190	2176	2190	2176
2152	2158	2152	2158
2196	2181	2196	2181
2162	2198	2162	2198
2166	2169	2166	2169
2190	2165	2190	2165
2184	2143	2184	2143
2157	2141	2157	2141
2163	2164	2163	2164
2181	2149	2181	2149
2171	2175	2171	2175
2197	2173	2197	2173
2150	2179	2150	2179
2177	2168	2177	2168
2156	2194	2156	2194
2192	2184	2192	2184
2185	2173	2185	2173
2152	2156	2152	2156
2159	2187	2159	2187
2177	2165	2177	2165
2136	2139	2136	2139
2198	2195	2198	2195
2158	2159	2158	2159
2199	2148	2199	2148
2167	2139	2167	2139
2163	2187	2163	2187
2200	2186	2200	2186
2157	2140	2157	2140
2182	2176	2182	2176
2176	2165	2176	2165
2180	2170	2180	2170
2158	2194	2158	2194
2180	2169	2180	2169
2186	2196	2186	2196
2194	2159	2194	2159
2167	2191	2167	2191
2193	2176	2193	2176
2151	2171	2151	2171
2186	2197	2186	2197
2169	2170	2169	2170
2153	2164	2153	2164
2194	2163	2194	2163
2142	2152	2142	2152
2171	2143	2171	2143
2164	2178	2164	2178
2189	2191	2189	2191
2187	2178	2187	2178
2153	2187	2153	2187
2195	2183	2195	2183
2140	2163	2140	2163
2140	2187	2140	2187
2174	2137	2174	2137
2159	2140	2159	2140
2136	2161	2136	2161
2191	2161	2191	2161
2191	2136	2191	2136
2137	2146	2137	2146
2145	2195	2145	2195
2142	2154	2142	2154
2173	2199	2173	2199
2154	2157	2154	2157
2200	2172	2200	2172
2141	2163	2141	2163
2156	2175	2156	2175
2157	2158	2157	2158
2152	2175	2152	2175
2199	2181	2199	2181
2155	2159	2155	2159
2139	2137	2139	2137
2196	2150	2196	2150
2183	2176	2183	2176
2197	2196	2197	2196
2184	2156	2184	2156
2200	2197	2200	2197
2157	2194	2157	2194
2185	2197	2185	2197
2168	2180	2168	2180
2163	2160	2163	2160
2185	2196	2185	2196
2138	2174	2138	2174
2142	2151	2142	2151
2152	2157	2152	2157
2197	2199	2197	2199
2154	2194	2154	2194
2172	2196	2172	2196
2170	2171	2170	2171
2152	2155	2152	2155
2196	2199	2196	2199
2172	2186	2172	2186
1470	1471	1470	1471
1472	1473	1472	1473
1474	1475	1474	1475
1476	1477	1476	1477
1478	1479	1478	1479
1480	1481	1480	1481
1482	1483	1482	1483
1479	1484	1479	1484
1485	1486	1485	1486
1487	1488	1487	1488
1489	1476	1489	1476
1489	1477	1489	1477
1483	1490	1483	1490
1491	1492	1491	1492
1493	1494	1493	1494
1495	1496	1495	1496
1489	1497	1489	1497
1487	1498	1487	1498
1472	1498	1472	1498
1480	1472	1480	1472
1499	1487	1499	1487
1500	1491	1500	1491
1472	1501	1472	1501
1472	1502	1472	1502
1503	1476	1503	1476
1504	1476	1504	1476
1476	1505	1476	1505
1506	1500	1506	1500
1497	1488	1497	1488
1507	1475	1507	1475
1507	1508	1507	1508
1471	1507	1471	1507
1509	1472	1509	1472
1510	1511	1510	1511
1512	1470	1512	1470
1513	1511	1513	1511
1514	1488	1514	1488
1505	1487	1505	1487
1514	1497	1514	1497
1498	1502	1498	1502
1477	1497	1477	1497
1481	1515	1481	1515
1502	1510	1502	1510
1496	1491	1496	1491
1516	1495	1516	1495
1501	1513	1501	1513
1476	1499	1476	1499
1488	1480	1488	1480
1497	1487	1497	1487
1507	1474	1507	1474
1496	1492	1496	1492
1514	1509	1514	1509
1516	1496	1516	1496
1478	1517	1478	1517
1477	1488	1477	1488
1518	1482	1518	1482
1519	1510	1519	1510
1520	1485	1520	1485
1514	1487	1514	1487
1481	1501	1481	1501
1521	1516	1521	1516
1484	1522	1484	1522
1477	1509	1477	1509
1504	1497	1504	1497
1489	1505	1489	1505
1499	1497	1499	1497
1498	1501	1498	1501
1523	1518	1523	1518
1499	1509	1499	1509
1521	1506	1521	1506
1516	1506	1516	1506
1473	1513	1473	1513
1473	1515	1473	1515
1491	1524	1491	1524
1470	1493	1470	1493
1501	1510	1501	1510
1502	1513	1502	1513
1476	1514	1476	1514
1525	1521	1525	1521
1513	1519	1513	1519
1526	1527	1526	1527
1490	1528	1490	1528
1486	1527	1486	1527
1525	1495	1525	1495
1522	1521	1522	1521
1502	1501	1502	1501
1521	1495	1521	1495
1513	1510	1513	1510
1490	1520	1490	1520
1487	1481	1487	1481
1503	1505	1503	1505
1529	1512	1529	1512
1510	1479	1510	1479
1514	1505	1514	1505
1480	1515	1480	1515
1493	1474	1493	1474
1503	1514	1503	1514
1480	1498	1480	1498
1482	1530	1482	1530
1520	1531	1520	1531
1472	1515	1472	1515
1504	1499	1504	1499
1505	1477	1505	1477
1505	1497	1505	1497
1493	1507	1493	1507
1525	1506	1525	1506
1519	1478	1519	1478
1511	1517	1511	1517
1532	1529	1532	1529
1504	1505	1504	1505
1479	1511	1479	1511
1514	1499	1514	1499
1480	1473	1480	1473
1481	1473	1481	1473
1531	1486	1531	1486
1504	1477	1504	1477
1487	1472	1487	1472
1509	1481	1509	1481
1489	1503	1489	1503
1511	1484	1511	1484
1530	1483	1530	1483
1515	1513	1515	1513
1475	1518	1475	1518
1488	1472	1488	1472
1522	1525	1522	1525
1529	1533	1529	1533
1480	1501	1480	1501
1471	1494	1471	1494
1502	1515	1502	1515
1509	1498	1509	1498
1489	1514	1489	1514
1533	1512	1533	1512
1481	1502	1481	1502
1470	1494	1470	1494
1504	1514	1504	1514
1508	1518	1508	1518
1477	1499	1477	1499
1517	1484	1517	1484
1497	1509	1497	1509
1488	1498	1488	1498
1503	1499	1503	1499
1513	1479	1513	1479
1515	1510	1515	1510
1481	1498	1481	1498
1513	1478	1513	1478
1474	1508	1474	1508
1489	1504	1489	1504
1528	1485	1528	1485
1495	1500	1495	1500
1532	1524	1532	1524
1477	1487	1477	1487
1501	1519	1501	1519
1494	1507	1494	1507
1515	1519	1515	1519
1473	1501	1473	1501
1480	1502	1480	1502
1498	1473	1498	1473
1478	1484	1478	1484
1492	1524	1492	1524
1524	1529	1524	1529
1530	1490	1530	1490
1473	1519	1473	1519
1503	1477	1503	1477
1517	1534	1517	1534
1473	1510	1473	1510
1523	1482	1523	1482
1528	1531	1528	1531
1486	1526	1486	1526
1505	1488	1505	1488
1506	1496	1506	1496
1515	1501	1515	1501
1500	1492	1500	1492
1492	1532	1492	1532
1509	1488	1509	1488
1531	1485	1531	1485
1509	1480	1509	1480
1479	1517	1479	1517
1502	1519	1502	1519
1503	1497	1503	1497
1476	1497	1476	1497
1504	1503	1504	1503
53	54	53	54
55	56	55	56
57	58	57	58
59	60	59	60
61	62	61	62
63	64	63	64
65	56	65	56
66	67	66	67
68	69	68	69
70	67	70	67
71	72	71	72
65	64	65	64
73	74	73	74
58	74	58	74
66	75	66	75
55	63	55	63
76	77	76	77
78	62	78	62
79	80	79	80
81	73	81	73
82	61	82	61
83	84	83	84
85	86	85	86
87	88	87	88
89	90	89	90
91	92	91	92
59	85	59	85
93	57	93	57
60	86	60	86
75	94	75	94
95	96	95	96
97	98	97	98
75	67	75	67
62	73	62	73
92	99	92	99
100	58	100	58
101	65	101	65
102	56	102	56
103	104	103	104
105	106	105	106
90	107	90	107
108	99	108	99
109	110	109	110
111	112	111	112
106	113	106	113
114	115	114	115
116	92	116	92
117	118	117	118
119	120	119	120
121	122	121	122
68	123	68	123
113	124	113	124
125	119	125	119
101	55	101	55
56	64	56	64
123	116	123	116
85	107	85	107
65	55	65	55
119	126	119	126
127	128	127	128
92	129	92	129
130	123	130	123
131	103	131	103
77	132	77	132
129	133	129	133
71	77	71	77
134	135	134	135
136	98	136	98
137	108	137	108
108	138	108	138
139	77	139	77
102	64	102	64
117	140	117	140
135	119	135	119
141	100	141	100
142	95	142	95
57	61	57	61
60	127	60	127
56	63	56	63
102	63	102	63
143	141	143	141
89	59	89	59
93	141	93	141
90	59	90	59
134	144	134	144
93	82	93	82
145	68	145	68
93	100	93	100
89	85	89	85
139	71	139	71
106	98	106	98
96	146	96	146
147	94	147	94
138	133	138	133
70	147	70	147
124	112	124	112
102	55	102	55
62	139	62	139
116	91	116	91
58	78	58	78
90	60	90	60
122	68	122	68
53	148	53	148
136	113	136	113
137	92	137	92
149	150	149	150
146	87	146	87
122	145	122	145
134	151	134	151
67	94	67	94
116	137	116	137
105	97	105	97
73	152	73	152
133	115	133	115
153	121	153	121
123	137	123	137
97	136	97	136
154	118	154	118
61	78	61	78
141	57	141	57
111	141	111	141
71	76	71	76
87	155	87	155
115	96	115	96
111	156	111	156
122	130	122	130
114	96	114	96
81	62	81	62
74	152	74	152
60	107	60	107
112	141	112	141
77	72	77	72
74	71	74	71
143	93	143	93
79	102	79	102
58	62	58	62
54	59	54	59
143	112	143	112
58	152	58	152
107	86	107	86
140	118	140	118
82	81	82	81
139	132	139	132
70	75	70	75
81	58	81	58
71	132	71	132
145	130	145	130
123	69	123	69
61	73	61	73
152	71	152	71
91	108	91	108
60	128	60	128
157	66	157	66
78	139	78	139
144	135	144	135
114	95	114	95
158	106	158	106
155	88	155	88
111	143	111	143
134	159	134	159
111	93	111	93
142	115	142	115
107	128	107	128
79	65	79	65
151	125	151	125
81	78	81	78
78	73	78	73
61	81	61	81
120	158	120	158
98	124	98	124
89	107	89	107
61	74	61	74
129	99	129	99
87	160	87	160
60	85	60	85
129	138	129	138
79	101	79	101
159	135	159	135
145	69	145	69
161	157	161	157
80	63	80	63
69	137	69	137
118	53	118	53
131	162	131	162
59	107	59	107
100	61	100	61
81	152	81	152
141	82	141	82
147	67	147	67
151	135	151	135
97	113	97	113
85	127	85	127
133	142	133	142
101	80	101	80
69	116	69	116
58	73	58	73
124	143	124	143
80	64	80	64
127	86	127	86
81	74	81	74
82	58	82	58
115	95	115	95
108	92	108	92
152	139	152	139
135	125	135	125
110	162	110	162
126	120	126	120
61	152	61	152
62	152	62	152
99	133	99	133
76	132	76	132
61	58	61	58
79	55	79	55
123	91	123	91
130	68	130	68
69	91	69	91
91	137	91	137
154	140	154	140
124	111	124	111
100	82	100	82
97	106	97	106
113	98	113	98
133	114	133	114
73	139	73	139
93	156	93	156
80	56	80	56
155	160	155	160
156	100	156	100
102	80	102	80
55	64	55	64
117	154	117	154
62	71	62	71
136	106	136	106
57	81	57	81
159	144	159	144
144	151	144	151
151	119	151	119
101	102	101	102
66	70	66	70
2925	2926	2925	2926
2927	2928	2927	2928
2929	2930	2929	2930
2929	2931	2929	2931
2932	2933	2932	2933
2934	2935	2934	2935
2936	2937	2936	2937
2929	2938	2929	2938
2939	2925	2939	2925
2940	2941	2940	2941
2936	2942	2936	2942
2943	2944	2943	2944
2945	2946	2945	2946
2928	2932	2928	2932
2947	2948	2947	2948
2949	2929	2949	2929
2950	2949	2950	2949
2934	2951	2934	2951
2937	2952	2937	2952
2953	2954	2953	2954
2955	2956	2955	2956
2957	2958	2957	2958
2959	2941	2959	2941
2940	2960	2940	2960
2943	2961	2943	2961
2962	2953	2962	2953
2963	2964	2963	2964
2965	2955	2965	2955
2966	2931	2966	2931
2947	2967	2947	2967
2968	2927	2968	2927
2969	2927	2969	2927
2937	2970	2937	2970
2970	2952	2970	2952
2971	2972	2971	2972
2932	2973	2932	2973
2929	2966	2929	2966
2955	2974	2955	2974
2975	2961	2975	2961
2976	2934	2976	2934
2977	2974	2977	2974
2978	2979	2978	2979
2938	2966	2938	2966
2964	2961	2964	2961
2935	2955	2935	2955
2975	2946	2975	2946
2925	2980	2925	2980
2981	2934	2981	2934
2981	2951	2981	2951
2971	2982	2971	2982
2938	2930	2938	2930
2949	2930	2949	2930
2983	2962	2983	2962
2984	2985	2984	2985
2984	2986	2984	2986
2940	2984	2940	2984
2967	2987	2967	2987
2988	2989	2988	2989
2974	2970	2974	2970
2959	2960	2959	2960
2931	2930	2931	2930
2990	2953	2990	2953
2932	2983	2932	2983
2960	2985	2960	2985
2951	2965	2951	2965
2983	2990	2983	2990
2936	2991	2936	2991
2956	2937	2956	2937
2991	2947	2991	2947
2987	2992	2987	2992
2993	2927	2993	2927
2935	2956	2935	2956
2994	2967	2994	2967
2995	2996	2995	2996
2997	2957	2997	2957
2974	2956	2974	2956
2930	2998	2930	2998
2994	2948	2994	2948
2967	2948	2967	2948
2934	2955	2934	2955
2969	2999	2969	2999
2961	2944	2961	2944
2949	2938	2949	2938
2968	2999	2968	2999
2956	2952	2956	2952
2954	3000	2954	3000
2982	2964	2982	2964
2974	2936	2974	2936
2941	2986	2941	2986
2990	2988	2990	2988
2966	2998	2966	2998
2959	2940	2959	2940
2943	2946	2943	2946
2992	2929	2992	2929
2991	2994	2991	2994
3001	3002	3001	3002
2963	2975	2963	2975
2969	2968	2969	2968
2945	2961	2945	2961
2986	2985	2986	2985
2971	2963	2971	2963
2958	2941	2958	2941
2927	3003	2927	3003
2964	2975	2964	2975
2941	2984	2941	2984
2982	2975	2982	2975
2999	2932	2999	2932
2966	3001	2966	3001
2937	2942	2937	2942
2977	2956	2977	2956
2960	2941	2960	2941
2968	3003	2968	3003
2994	2987	2994	2987
2969	2993	2969	2993
2972	2982	2972	2982
2926	3004	2926	3004
2988	2954	2988	2954
2965	2977	2965	2977
2946	2944	2946	2944
2958	2940	2958	2940
2969	3003	2969	3003
2956	2936	2956	2936
3005	2969	3005	2969
2927	2932	2927	2932
2935	2974	2935	2974
2940	2986	2940	2986
2931	3001	2931	3001
2938	2931	2938	2931
2938	2998	2938	2998
2976	2965	2976	2965
2928	2983	2928	2983
2966	2930	2966	2930
2951	2955	2951	2955
2999	2928	2999	2928
2974	2937	2974	2937
2948	2950	2948	2950
2927	2999	2927	2999
2953	2988	2953	2988
2933	2962	2933	2962
2942	2952	2942	2952
2947	2994	2947	2994
2975	2943	2975	2943
2999	3003	2999	3003
2928	2933	2928	2933
2970	2991	2970	2991
2957	2959	2957	2959
2934	2977	2934	2977
2928	2973	2928	2973
3005	2968	3005	2968
2949	2966	2949	2966
2940	2985	2940	2985
2936	2952	2936	2952
2958	2959	2958	2959
2937	2991	2937	2991
2944	2995	2944	2995
2981	2965	2981	2965
2933	2990	2933	2990
2974	2952	2974	2952
2987	2948	2987	2948
2960	2984	2960	2984
3003	2928	3003	2928
2982	2963	2982	2963
2975	2945	2975	2945
2938	3001	2938	3001
2993	2999	2993	2999
2949	2931	2949	2931
2987	2950	2987	2950
2980	2926	2980	2926
2977	2955	2977	2955
2945	2944	2945	2944
2956	2970	2956	2970
2951	2977	2951	2977
2941	2985	2941	2985
2992	2950	2992	2950
2936	2970	2936	2970
2964	2946	2964	2946
2947	2987	2947	2987
2962	2988	2962	2988
2989	3000	2989	3000
2948	2992	2948	2992
2973	2933	2973	2933
3004	2997	3004	2997
2942	2970	2942	2970
2993	2968	2993	2968
2931	2998	2931	2998
2942	2991	2942	2991
2934	2965	2934	2965
2992	2949	2992	2949
2960	2986	2960	2986
2951	2935	2951	2935
2993	3003	2993	3003
3006	2939	3006	2939
2976	2981	2976	2981
2965	2935	2965	2935
2974	2942	2974	2942
2643	2644	2643	2644
2645	2646	2645	2646
2647	2648	2647	2648
2649	2650	2649	2650
2651	2652	2651	2652
2653	2654	2653	2654
2655	2656	2655	2656
2657	2658	2657	2658
2659	2660	2659	2660
2661	2662	2661	2662
2663	2648	2663	2648
2664	2661	2664	2661
2665	2666	2665	2666
2667	2668	2667	2668
2669	2653	2669	2653
2668	2670	2668	2670
2661	2671	2661	2671
2672	2649	2672	2649
2673	2674	2673	2674
2675	2674	2675	2674
2676	2670	2676	2670
2677	2678	2677	2678
2647	2679	2647	2679
2680	2643	2680	2643
2647	2663	2647	2663
2661	2681	2661	2681
2646	2682	2646	2682
2683	2684	2683	2684
2685	2686	2685	2686
2672	2687	2672	2687
2679	2688	2679	2688
2689	2690	2689	2690
2691	2648	2691	2648
2692	2693	2692	2693
2647	2688	2647	2688
2672	2658	2672	2658
2679	2663	2679	2663
2686	2694	2686	2694
2675	2695	2675	2695
2653	2696	2653	2696
2657	2650	2657	2650
2697	2692	2697	2692
2664	2662	2664	2662
2643	2656	2643	2656
2698	2665	2698	2665
2648	2688	2648	2688
2664	2681	2664	2681
2650	2699	2650	2699
2700	2701	2700	2701
2702	2703	2702	2703
2689	2697	2689	2697
2677	2683	2677	2683
2704	2682	2704	2682
2705	2651	2705	2651
2663	2700	2663	2700
2649	2687	2649	2687
2706	2707	2706	2707
2649	2657	2649	2657
2708	2684	2708	2684
2709	2710	2709	2710
2683	2678	2683	2678
2711	2689	2711	2689
2671	2681	2671	2681
2709	2661	2709	2661
2646	2712	2646	2712
2684	2678	2684	2678
2645	2704	2645	2704
2648	2713	2648	2713
2714	2715	2714	2715
2716	2717	2716	2717
2718	2719	2718	2719
2688	2701	2688	2701
2691	2663	2691	2663
2700	2713	2700	2713
2707	2720	2707	2720
2660	2683	2660	2683
2663	2688	2663	2688
2720	2721	2720	2721
2722	2723	2722	2723
2677	2708	2677	2708
2695	2674	2695	2674
2710	2662	2710	2662
2664	2710	2664	2710
2724	2667	2724	2667
2723	2714	2723	2714
2725	2667	2725	2667
2659	2683	2659	2683
2668	2676	2668	2676
2652	2716	2652	2716
2651	2726	2651	2726
2719	2709	2719	2709
2685	2703	2685	2703
2679	2648	2679	2648
2680	2644	2680	2644
2699	2715	2699	2715
2675	2673	2675	2673
2680	2656	2680	2656
2689	2727	2689	2727
2691	2679	2691	2679
2658	2722	2658	2722
2702	2686	2702	2686
2659	2678	2659	2678
2689	2692	2689	2692
2700	2648	2700	2648
2728	2670	2728	2670
2711	2727	2711	2727
2725	2676	2725	2676
2654	2729	2654	2729
2698	2717	2698	2717
2730	2645	2730	2645
2721	2696	2721	2696
2660	2684	2660	2684
2731	2730	2731	2730
2661	2710	2661	2710
2732	2690	2732	2690
2667	2670	2667	2670
2646	2733	2646	2733
2658	2650	2658	2650
2666	2645	2666	2645
2734	2723	2734	2723
2644	2705	2644	2705
2717	2731	2717	2731
2665	2730	2665	2730
2649	2722	2649	2722
2711	2732	2711	2732
2734	2699	2734	2699
2726	2735	2726	2735
2736	2651	2736	2651
2726	2652	2726	2652
2734	2650	2734	2650
2713	2701	2713	2701
2647	2700	2647	2700
2656	2644	2656	2644
2721	2653	2721	2653
2688	2713	2688	2713
2724	2725	2724	2725
2655	2680	2655	2680
2700	2688	2700	2688
2684	2724	2684	2724
2660	2724	2660	2724
2708	2678	2708	2678
2685	2702	2685	2702
2691	2700	2691	2700
2677	2660	2677	2660
2726	2716	2726	2716
2673	2695	2673	2695
2737	2719	2737	2719
2678	2724	2678	2724
2738	2718	2738	2718
2683	2724	2683	2724
2657	2734	2657	2734
2721	2654	2721	2654
2691	2688	2691	2688
2738	2737	2738	2737
2655	2644	2655	2644
2703	2686	2703	2686
2653	2729	2653	2729
2655	2643	2655	2643
2668	2728	2668	2728
2715	2706	2715	2706
2667	2676	2667	2676
2696	2654	2696	2654
2737	2709	2737	2709
2648	2701	2648	2701
2711	2690	2711	2690
2690	2697	2690	2697
2736	2652	2736	2652
2677	2684	2677	2684
2697	2693	2697	2693
2727	2692	2727	2692
2704	2712	2704	2712
2659	2684	2659	2684
2649	2658	2649	2658
2725	2728	2725	2728
2714	2706	2714	2706
2659	2708	2659	2708
2725	2668	2725	2668
2732	2689	2732	2689
2664	2671	2664	2671
2649	2734	2649	2734
2669	2720	2669	2720
2650	2723	2650	2723
2710	2671	2710	2671
2718	2737	2718	2737
2727	2690	2727	2690
2691	2647	2691	2647
2727	2697	2727	2697
2704	2733	2704	2733
2722	2699	2722	2699
2687	2657	2687	2657
2731	2666	2731	2666
2730	2666	2730	2666
2667	2728	2667	2728
2659	2677	2659	2677
2699	2714	2699	2714
2705	2736	2705	2736
2708	2683	2708	2683
2735	2698	2735	2698
2686	2739	2686	2739
2734	2722	2734	2722
2733	2682	2733	2682
2657	2722	2657	2722
2687	2658	2687	2658
2689	2693	2689	2693
2733	2712	2733	2712
2716	2735	2716	2735
2727	2693	2727	2693
2687	2734	2687	2734
2201	2202	2201	2202
2203	2204	2203	2204
2205	2206	2205	2206
2207	2208	2207	2208
2209	2210	2209	2210
2211	2212	2211	2212
2213	2214	2213	2214
2214	2215	2214	2215
2216	2217	2216	2217
2218	2219	2218	2219
2202	2220	2202	2220
2221	2219	2221	2219
2221	2218	2221	2218
2222	2223	2222	2223
2219	2223	2219	2223
2224	2225	2224	2225
2217	2226	2217	2226
2227	2206	2227	2206
2228	2229	2228	2229
2230	2231	2230	2231
2203	2220	2203	2220
2204	2232	2204	2232
2233	2234	2233	2234
2235	2232	2235	2232
2205	2236	2205	2236
2203	2202	2203	2202
2216	2210	2216	2210
2237	2238	2237	2238
2212	2205	2212	2205
2239	2240	2239	2240
2231	2241	2231	2241
2220	2232	2220	2232
2238	2242	2238	2242
2220	2243	2220	2243
2211	2236	2211	2236
2244	2245	2244	2245
2246	2241	2246	2241
2233	2247	2233	2247
2240	2210	2240	2210
2248	2201	2248	2201
2202	2204	2202	2204
2249	2231	2249	2231
2250	2206	2250	2206
2226	2251	2226	2251
2209	2216	2209	2216
2251	2229	2251	2229
2252	2216	2252	2216
2219	2222	2219	2222
2253	2211	2253	2211
2254	2255	2254	2255
2238	2256	2238	2256
2208	2257	2208	2257
2258	2224	2258	2224
2212	2206	2212	2206
2236	2250	2236	2250
2256	2242	2256	2242
2238	2259	2238	2259
2260	2261	2260	2261
2223	2246	2223	2246
2230	2246	2230	2246
2210	2226	2210	2226
2262	2224	2262	2224
2239	2252	2239	2252
2263	2240	2263	2240
2235	2243	2235	2243
2206	2239	2206	2239
2250	2263	2250	2263
2252	2217	2252	2217
