0	2	3
2	3	2
6	7	0
6	8	0
10	12	4
10	13	1
10	15	1
12	13	1
12	15	1
13	15	1
14	15	1
16	17	2
17	18	1
18	19	0
19	20	3
20	21	2
21	23	0
22	23	0
23	24	1
22	25	0
24	25	0
25	27	1
32	33	4
34	35	1
34	36	1
35	36	1
34	37	1
34	38	1
34	39	1
34	40	1
37	40	1
38	39	2
38	40	1
39	40	1
37	41	1
39	41	1
41	42	4
41	43	4
46	47	0
46	48	0
52	53	0
52	54	0
53	54	4
58	59	1
60	61	1
62	63	1
62	64	1
62	65	1
63	64	4
64	65	1
66	67	3
69	70	1
70	71	0
69	73	3
71	73	3
72	73	3
73	75	2
74	76	1
75	76	1
76	77	1
79	81	0
79	82	0
80	81	0
80	82	0
80	83	0
85	86	4
85	87	2
85	88	2
85	89	2
86	87	2
86	88	2
86	89	2
87	88	1
87	89	1
88	89	2
87	92	1
87	94	1
89	93	3
91	92	1
91	94	1
92	94	1
93	94	2
91	95	1
91	96	1
92	95	1
92	96	1
93	95	2
94	96	1
95	96	1
97	99	1
100	102	1
100	103	3
101	103	3
102	103	3
100	104	1
105	107	1
106	107	1
105	108	4
107	108	0
110	111	0
110	112	1
110	113	1
110	114	1
111	112	1
111	113	1
111	114	1
113	114	4
112	115	0
113	115	0
113	116	4
114	115	0
114	116	4
115	116	1
117	118	1
123	124	4
125	127	1
126	127	2
125	128	1
126	128	2
128	129	4
130	131	0
131	132	1
132	133	0
134	139	0
134	140	0
135	136	4
135	139	0
135	140	0
136	137	1
136	138	1
136	139	0
136	140	0
137	139	0
137	140	0
138	139	0
138	140	0
139	140	3
134	144	3
135	144	3
136	144	3
139	141	1
139	142	1
139	143	1
140	141	1
140	142	1
140	143	1
141	143	1
141	144	3
142	143	1
142	144	3
143	144	3
141	145	0
141	147	1
142	145	0
142	147	1
143	145	0
144	145	2
144	146	2
144	147	2
145	146	1
145	147	1
146	147	1
145	148	1
146	149	0
147	149	0
148	149	0
149	150	1
148	152	1
148	153	1
149	151	1
149	152	1
149	153	1
151	152	1
151	153	1
152	153	1
151	156	3
154	156	3
155	156	3
156	157	2
156	158	2
156	159	2
156	160	2
157	158	4
157	159	2
157	160	2
158	159	2
158	160	2
157	162	2
158	162	2
162	163	3
162	164	3
162	165	3
163	164	2
164	165	3
165	167	2
163	168	2
163	169	2
164	168	2
165	168	2
165	169	2
168	169	0
168	170	1
168	171	1
168	172	1
169	170	1
169	171	1
169	172	1
170	171	3
170	173	0
170	175	0
171	173	0
171	175	0
172	173	0
172	175	0
173	176	1
174	176	1
175	176	1
173	179	0
173	180	0
173	181	0
173	182	0
174	179	0
174	180	0
174	181	0
174	182	0
175	179	0
175	180	0
175	181	0
175	182	0
176	177	0
176	178	0
176	179	0
176	180	0
176	181	0
176	182	0
177	179	0
177	180	0
177	181	0
177	182	0
178	179	0
178	180	0
178	181	0
178	182	0
179	180	3
179	181	0
180	181	0
181	182	3
177	186	0
177	187	0
177	189	0
178	186	0
178	187	0
178	189	0
179	183	1
179	184	1
179	185	1
179	186	1
179	187	1
179	189	1
180	183	1
180	184	1
180	185	1
180	186	1
180	187	1
180	188	1
180	189	1
181	183	1
181	184	1
181	185	1
181	186	1
181	187	1
181	188	1
181	189	1
182	183	1
182	184	1
182	185	1
182	186	1
182	187	1
182	188	1
182	189	1
184	185	1
184	186	0
184	187	0
184	189	0
185	186	0
185	187	0
185	188	0
185	189	0
186	187	0
187	188	1
188	189	0
185	190	0
186	190	1
186	191	1
186	192	1
187	190	1
187	191	1
187	192	1
188	190	1
188	191	1
188	192	1
189	190	1
189	191	1
189	192	1
190	191	0
190	192	1
190	196	1
190	197	1
190	198	1
190	199	3
191	199	3
194	195	3
194	196	1
194	197	1
194	198	1
194	199	3
195	196	1
195	197	1
195	198	1
195	199	3
196	197	1
196	198	1
197	198	1
197	199	3
198	199	3
203	204	0
204	205	1
203	206	3
204	207	1
204	208	1
204	209	1
206	207	1
206	208	2
206	209	2
207	208	0
207	209	0
208	209	3
211	213	2
213	214	1
213	215	1
213	219	3
213	220	1
214	216	0
214	217	0
214	218	0
215	216	0
215	217	0
216	217	0
216	218	3
216	219	3
217	218	3
217	220	1
218	219	3
219	220	2
219	221	2
220	221	0
221	222	1
221	223	1
222	223	1
223	224	0
223	225	0
224	226	0
224	227	0
225	227	0
226	227	0
227	228	1
227	229	1
227	230	1
228	229	1
229	230	1
228	231	1
231	233	3
232	233	3
233	234	2
233	235	2
234	237	3
235	237	3
236	237	3
238	239	1
238	240	1
238	241	1
238	242	0
239	240	0
239	242	0
240	241	1
240	242	0
241	242	0
238	243	3
243	244	2
243	245	0
244	245	0
245	246	1
245	247	1
245	248	4
246	247	1
246	248	0
247	248	0
246	249	1
246	250	1
246	251	3
246	252	3
248	249	1
248	250	1
249	251	3
249	252	3
250	251	3
250	252	3
249	253	1
249	254	1
249	255	1
249	256	1
250	253	1
250	254	1
250	255	1
250	256	1
253	254	1
253	256	1
258	259	1
259	260	0
261	262	1
261	263	1
261	264	3
262	264	3
263	264	3
265	269	0
266	269	0
268	270	1
269	270	1
270	271	0
270	272	0
270	273	0
271	272	0
271	273	0
271	274	3
271	275	1
271	276	1
271	277	1
272	275	1
272	276	1
272	277	1
274	275	2
274	276	2
274	277	2
277	278	3
274	282	0
275	282	0
276	282	0
277	282	0
280	282	0
281	282	0
282	283	1
282	284	1
282	285	1
283	285	1
284	285	1
282	286	3
282	287	1
283	286	3
283	287	1
284	286	3
284	287	1
286	287	2
286	288	2
286	290	3
287	288	0
287	289	0
287	290	3
288	289	3
288	290	3
288	292	1
289	290	3
288	294	1
290	293	2
291	293	0
292	293	0
293	294	1
294	295	0
295	296	1
295	298	0
296	298	0
300	302	2
300	303	4
301	302	2
302	303	3
305	306	0
306	307	1
306	308	1
306	309	1
308	309	1
308	311	3
311	312	2
311	313	3
312	313	3
313	314	2
314	315	1
314	317	0
314	318	0
315	317	0
315	318	0
316	317	0
316	318	0
316	320	0
316	321	0
316	322	0
317	320	0
317	321	0
317	322	0
319	320	0
319	321	0
319	322	0
320	323	3
321	323	3
322	323	3
324	325	2
324	326	2
324	327	2
325	326	2
325	327	2
325	328	1
325	329	1
326	328	1
326	329	1
327	328	1
327	329	1
328	329	2
324	330	2
324	332	2
325	331	3
325	335	1
325	338	0
326	331	3
326	335	1
326	338	0
327	331	3
327	335	1
327	336	3
327	337	0
327	338	0
328	330	0
328	332	0
328	337	0
328	338	0
328	339	0
329	330	0
329	332	0
329	337	0
329	338	0
329	339	0
330	331	3
330	335	1
330	336	3
330	337	0
330	338	0
330	339	0
331	332	2
331	333	2
331	334	2
331	335	2
331	336	4
331	338	0
331	339	0
332	335	1
332	336	3
332	337	0
332	338	0
332	339	0
333	334	1
333	335	1
333	336	3
333	337	0
333	338	0
333	339	0
334	335	1
334	336	3
334	337	0
334	338	0
334	339	0
335	337	0
335	338	0
335	339	0
336	337	0
336	338	0
336	339	0
338	339	1
331	340	2
331	341	2
331	342	2
335	340	0
335	341	0
335	342	0
336	340	2
336	341	2
336	342	2
336	343	2
338	340	1
338	341	1
338	342	1
338	343	1
339	340	1
339	341	1
339	342	1
339	343	1
340	341	1
340	343	1
341	342	0
341	343	1
340	344	1
340	345	2
340	346	1
340	347	3
340	348	3
341	345	0
341	346	1
341	347	3
341	348	3
342	344	1
342	345	0
342	346	1
342	347	3
342	348	3
343	344	0
343	345	0
344	345	0
344	346	1
344	347	3
344	348	3
345	346	1
345	347	3
345	348	3
346	347	3
346	348	3
350	351	3
350	352	1
350	353	1
351	352	1
351	353	1
352	353	1
350	356	3
351	354	2
351	355	2
352	354	0
352	355	0
353	354	0
353	355	0
354	355	2
354	356	3
355	356	3
359	360	2
359	361	2
359	362	2
360	361	1
360	362	1
360	363	1
360	364	1
361	363	4
361	364	1
362	363	0
363	364	1
363	367	3
363	369	1
364	366	0
365	371	1
369	370	3
369	371	1
370	371	1
370	372	2
371	372	0
373	374	1
375	376	0
376	377	3
375	378	0
378	381	1
378	382	1
378	383	1
378	384	1
378	385	1
381	383	2
381	384	1
381	385	1
382	384	1
382	385	1
383	384	1
383	385	1
384	385	1
381	386	3
381	387	3
381	388	3
381	389	1
381	390	1
381	392	2
382	386	3
382	387	3
382	388	3
382	389	1
382	390	1
383	386	3
383	387	3
383	388	3
383	389	1
383	390	1
384	386	0
384	387	0
384	388	0
384	392	0
385	386	0
385	387	0
385	388	0
385	392	0
386	388	3
386	390	1
386	392	2
387	388	4
387	389	1
387	390	1
387	392	2
388	389	1
388	390	1
388	392	2
389	390	1
389	391	0
389	392	0
390	391	0
390	392	0
386	393	2
387	393	2
388	393	2
389	393	0
390	393	0
393	394	3
393	395	1
393	396	1
393	397	1
393	398	3
393	399	3
394	395	2
394	396	2
394	397	2
395	396	0
397	398	0
397	399	0
395	400	3
396	400	3
400	402	0
400	403	0
400	404	0
400	405	0
401	402	0
401	403	0
401	404	0
401	405	0
402	403	0
402	404	0
402	405	0
403	405	0
404	405	0
403	406	1
403	407	1
403	408	1
404	406	1
404	407	1
404	408	1
405	406	1
405	407	1
405	408	1
406	407	2
406	409	2
406	410	2
407	410	1
408	409	0
409	411	1
410	411	3
415	416	1
415	417	1
415	418	1
416	417	1
416	418	1
415	420	1
415	421	1
416	420	1
416	421	1
417	421	1
418	421	2
420	421	1
422	423	0
422	424	0
422	425	0
423	428	1
424	428	1
425	428	1
426	427	1
428	429	0
429	430	1
429	431	1
429	432	1
434	435	2
434	436	2
435	436	4
435	437	1
436	437	1
434	438	2
434	439	2
434	441	2
437	438	0
437	439	0
437	441	0
438	439	1
438	440	3
438	441	1
438	442	3
439	440	3
441	442	3
438	444	0
439	443	3
439	444	0
441	443	3
441	444	0
443	444	0
444	445	3
446	447	2
446	448	2
447	448	0
447	449	0
447	451	3
447	452	3
449	450	1
451	453	2
452	453	2
453	454	2
453	455	1
454	455	1
453	456	3
454	456	3
455	456	3
456	457	0
457	459	1
458	459	1
460	461	1
460	462	1
460	463	3
460	464	3
461	462	3
463	464	4
466	467	0
468	469	1
468	470	1
468	471	1
469	471	4
472	473	1
472	475	1
472	476	1
473	474	0
474	475	1
474	476	1
475	476	1
474	477	1
474	478	1
475	477	0
475	478	4
476	477	0
476	478	0
477	478	1
478	479	0
479	481	1
479	482	1
479	483	1
479	484	1
481	482	1
481	483	1
481	484	1
482	483	2
482	484	1
483	484	1
482	486	1
484	485	0
485	488	0
485	489	1
487	488	0
487	489	1
488	489	1
489	490	0
489	491	0
489	492	0
489	493	0
489	494	0
490	491	0
490	492	0
490	493	0
490	494	0
491	493	1
491	494	1
492	494	1
493	494	1
491	495	1
491	496	1
491	497	1
492	495	1
492	496	1
492	497	1
493	495	1
493	496	1
494	495	1
495	496	0
496	497	3
495	498	1
495	500	0
495	501	0
496	498	1
496	500	0
496	501	0
497	499	2
497	500	0
497	501	0
498	499	0
498	500	0
498	501	0
499	500	0
499	501	0
500	501	4
503	504	1
502	506	1
502	507	1
503	505	1
503	506	1
503	507	1
503	508	4
504	508	0
505	506	1
505	507	1
505	508	0
506	508	0
507	508	0
505	511	0
505	512	0
506	509	0
506	510	0
506	511	0
506	512	0
507	509	0
507	510	0
507	511	0
507	512	0
511	512	2
509	514	1
510	514	1
511	514	1
512	513	1
512	514	1
512	515	1
513	514	1
514	515	0
513	516	3
514	516	3
515	516	3
515	517	1
516	517	2
516	518	2
516	519	2
516	520	2
517	520	0
518	520	0
519	520	0
518	521	0
519	521	0
520	521	3
520	522	3
521	523	2
522	523	2
523	524	1
523	525	1
523	526	1
525	526	0
526	528	1
526	529	1
527	528	1
527	529	1
528	529	1
527	531	1
528	530	0
528	532	0
529	530	0
529	532	0
530	531	1
531	532	0
530	535	1
530	536	1
532	535	1
532	536	1
534	535	1
534	536	1
535	537	0
535	538	0
535	539	0
535	540	0
535	541	0
536	537	0
536	538	0
536	539	0
536	540	0
536	541	0
538	541	1
540	541	1
542	544	1
543	544	1
544	545	0
544	546	0
544	547	0
546	547	4
546	548	4
547	548	4
545	549	3
545	550	3
546	549	3
546	550	3
547	549	3
547	550	3
548	549	3
548	550	3
549	551	2
549	552	2
549	553	2
550	551	2
550	552	2
550	553	2
551	552	3
551	555	0
551	556	3
551	557	3
552	555	2
554	555	0
555	556	3
555	557	3
555	559	3
555	560	3
556	559	3
556	560	3
557	559	3
557	560	3
558	559	3
558	560	3
559	562	2
559	563	2
560	562	2
560	563	2
562	564	3
563	564	3
565	567	1
565	568	1
566	567	1
566	568	1
567	568	0
569	570	3
569	573	0
571	572	2
571	573	2
571	574	4
572	573	0
572	574	3
573	574	3
574	575	2
575	577	1
576	577	1
577	578	0
577	579	0
578	580	1
578	581	1
579	580	1
579	581	1
579	582	1
582	583	0
582	584	0
583	585	1
584	585	1
583	587	3
584	587	3
585	586	0
586	587	3
586	589	1
590	592	0
590	593	1
590	594	1
591	592	0
591	593	1
591	594	1
592	593	1
592	594	1
593	594	3
590	595	1
590	596	1
590	597	3
591	595	1
591	596	1
592	595	1
592	596	1
592	597	3
593	595	1
593	596	4
593	597	0
594	596	2
594	597	0
595	596	0
595	597	0
596	597	0
595	598	0
596	598	0
596	599	1
597	598	2
598	599	1
598	600	1
598	601	1
598	602	1
600	602	1
600	603	1
600	605	1
601	604	4
601	605	1
604	605	1
604	606	1
604	607	1
604	608	1
606	607	0
606	608	0
607	609	1
607	610	1
608	609	1
608	610	1
609	610	1
611	613	1
611	614	0
611	615	3
613	614	0
614	616	1
615	616	2
619	620	0
619	622	0
619	623	0
619	624	0
620	621	1
620	622	0
620	623	0
620	624	0
621	622	0
621	623	0
621	624	0
622	623	1
622	624	1
623	624	0
619	626	3
619	627	3
620	625	1
620	626	1
620	628	1
622	625	1
622	626	1
622	627	1
622	628	1
623	625	1
623	626	1
623	628	1
624	625	1
624	626	1
624	627	1
624	628	1
625	626	3
625	627	3
625	628	1
626	628	1
627	628	1
625	629	0
625	630	0
626	629	0
626	630	0
627	629	0
627	630	0
628	629	0
628	630	0
631	632	0
631	633	0
632	634	1
632	635	1
632	636	1
633	634	1
633	635	1
633	636	1
633	637	1
634	637	0
635	636	0
635	637	0
636	637	0
634	640	0
634	642	0
635	640	0
635	641	0
635	642	0
636	640	0
636	641	4
636	642	0
637	638	1
637	639	1
637	640	4
637	641	1
637	642	4
638	639	0
638	640	0
638	641	0
638	642	0
639	640	0
639	641	0
639	642	0
640	641	1
640	642	4
641	642	0
638	643	3
640	643	1
642	643	1
643	644	2
643	645	2
644	648	1
644	649	0
645	648	1
645	649	0
646	647	3
646	648	1
646	649	0
647	649	0
648	649	0
646	654	0
647	654	0
648	654	0
649	651	1
649	652	1
649	653	1
650	651	3
650	652	1
650	653	1
650	654	0
651	652	1
651	654	0
652	654	0
653	654	0
650	655	0
650	657	0
650	658	0
651	656	3
651	659	2
652	655	0
652	657	0
652	658	0
652	659	0
653	655	0
653	657	0
653	658	0
653	659	0
654	655	1
654	656	1
654	657	1
654	658	1
654	659	1
654	660	1
655	656	3
655	657	1
655	659	1
655	660	1
656	657	2
656	658	2
657	658	0
657	659	1
657	660	1
658	659	1
658	660	1
659	660	1
655	661	1
657	661	1
658	661	1
658	664	1
658	665	1
658	666	1
659	663	0
660	661	0
660	662	0
660	663	0
660	664	0
661	662	0
661	663	0
661	664	0
662	663	0
662	664	1
662	665	1
662	666	1
663	664	1
663	665	1
663	666	1
664	665	1
664	666	1
665	666	4
661	667	1
661	669	1
661	670	1
662	667	1
662	668	1
662	669	1
662	670	1
663	667	1
663	668	1
663	669	1
663	670	1
664	667	1
664	668	1
664	669	1
664	670	1
665	669	1
665	670	1
666	669	1
666	670	1
667	668	0
667	669	1
667	670	1
668	669	1
668	670	1
667	671	0
667	672	0
667	673	0
667	674	0
668	672	3
668	673	0
668	674	0
669	671	0
669	672	0
669	673	0
669	674	0
670	671	0
670	672	0
670	673	0
670	674	0
671	672	3
671	673	0
671	674	0
672	673	0
672	674	0
673	674	0
671	675	3
671	676	3
671	677	0
671	678	0
671	679	0
671	680	0
672	675	3
672	676	3
672	677	0
672	678	0
672	679	0
672	680	0
673	676	3
673	677	0
673	678	0
673	679	0
673	680	0
674	676	3
674	677	0
674	678	0
674	679	0
674	680	0
676	677	2
676	678	2
676	679	2
676	680	2
677	680	3
678	679	1
678	680	3
679	680	3
676	681	2
677	681	1
678	681	1
679	681	1
680	681	1
681	682	1
681	683	1
681	684	1
682	684	0
683	684	0
684	685	1
686	688	1
686	689	1
687	688	1
687	689	1
688	690	1
688	691	1
689	690	1
689	691	1
690	692	1
690	693	1
692	693	4
692	694	2
692	696	2
693	694	2
693	696	2
697	698	2
700	701	1
700	702	1
700	703	0
700	704	1
700	705	1
701	703	0
702	703	0
702	704	0
702	705	0
703	704	1
703	705	1
700	706	0
701	706	0
702	706	0
704	706	0
705	706	0
706	707	1
707	709	0
708	709	0
711	712	0
711	713	0
711	715	3
711	716	0
712	715	3
712	716	0
713	715	3
713	716	0
714	716	0
715	716	0
711	717	0
711	718	3
711	719	1
711	720	4
711	721	1
711	722	1
711	723	1
712	718	3
712	719	1
712	720	1
712	721	1
712	722	1
712	723	1
713	719	1
713	720	1
713	721	1
713	722	1
713	723	1
715	717	2
715	719	2
715	720	2
715	721	2
715	722	2
715	723	2
716	717	1
716	719	1
716	720	1
716	721	1
716	722	1
716	723	1
717	719	1
717	720	1
717	721	1
717	722	1
717	723	1
719	720	0
719	722	1
719	723	1
720	721	1
720	722	1
720	723	1
721	722	1
721	723	1
722	723	1
717	724	0
717	725	0
717	726	0
717	728	0
719	724	0
719	725	0
719	726	0
719	728	0
720	724	0
720	725	0
720	726	0
720	728	0
721	724	0
721	725	0
721	726	0
721	728	0
722	724	0
722	725	0
722	726	0
722	728	0
723	724	0
723	725	0
723	726	0
723	728	0
724	725	4
724	726	0
724	728	0
725	726	0
725	728	0
726	727	1
726	728	4
729	730	3
729	731	3
729	732	3
730	731	3
730	732	3
731	732	3
730	733	2
730	734	2
731	733	2
731	734	2
732	733	2
732	734	2
733	734	1
733	735	1
734	735	1
735	736	0
735	737	0
736	739	1
737	739	1
738	739	1
739	741	1
740	741	1
740	743	1
740	744	1
742	743	1
742	744	1
745	746	0
745	747	0
751	752	1
752	753	1
752	754	1
755	756	0
755	759	0
756	757	1
756	758	1
756	759	3
757	758	3
757	759	0
757	760	0
758	760	2
759	760	1
760	761	0
760	763	3
760	764	0
760	765	0
761	762	1
761	764	1
762	763	3
762	764	0
762	765	0
764	765	0
764	766	0
766	768	1
766	769	1
768	769	0
768	771	1
769	771	1
770	771	1
771	772	3
772	773	2
776	779	1
776	780	1
777	779	1
777	780	1
778	779	1
778	780	1
779	780	2
779	781	2
779	782	4
780	782	3
781	782	3
781	784	3
781	785	3
781	786	0
782	783	2
782	784	3
782	786	0
783	784	3
783	785	3
783	786	0
785	786	0
783	789	3
784	787	2
784	788	2
784	789	4
786	787	1
786	788	1
786	789	1
787	788	0
787	789	3
788	789	3
790	791	2
790	792	2
791	793	3
792	793	3
794	795	1
795	796	0
795	797	0
795	798	0
796	797	0
796	798	0
797	798	0
794	800	1
794	801	4
794	802	0
795	801	0
795	802	0
796	800	1
797	800	1
798	800	1
800	801	0
800	802	0
801	802	0
805	806	2
805	807	2
806	807	1
808	811	3
808	813	0
809	810	4
809	811	3
809	813	0
810	811	3
810	813	0
811	812	2
811	813	0
812	813	0
809	814	1
809	816	1
810	814	1
810	816	1
811	814	2
811	815	2
811	816	2
812	814	1
812	815	2
812	816	1
813	814	1
813	815	1
813	816	1
814	815	0
815	816	1
814	819	1
814	820	1
814	823	1
814	824	1
814	825	3
815	819	1
815	820	1
815	821	1
815	822	1
815	823	1
815	824	1
816	819	1
816	820	1
816	823	1
816	824	1
817	818	3
817	819	1
817	820	1
817	821	1
817	822	1
817	823	1
817	824	1
817	825	3
818	819	1
818	820	1
818	823	1
818	824	1
819	820	4
819	821	0
819	822	0
820	821	0
820	822	0
821	822	4
821	823	1
821	824	1
821	825	3
822	823	1
822	824	1
822	825	3
819	826	0
819	827	0
819	828	0
820	826	0
820	827	0
820	828	0
823	826	0
823	827	0
823	828	0
824	826	0
824	827	0
824	828	0
826	827	4
826	828	4
827	828	4
829	830	4
833	835	2
833	836	2
833	837	2
833	838	1
835	838	1
836	837	1
836	838	1
837	838	1
834	842	0
834	843	0
838	839	0
838	842	0
838	843	0
839	840	3
839	842	0
839	843	0
840	842	2
840	843	0
842	843	0
839	845	1
839	846	3
839	847	0
840	847	0
842	845	1
842	847	0
843	845	1
843	846	1
845	846	0
845	847	0
846	847	0
847	848	1
849	851	1
849	852	1
850	851	1
850	852	1
854	855	3
854	856	4
854	859	3
855	856	2
856	859	3
857	858	1
857	859	3
858	859	3
854	860	1
855	860	1
856	860	1
857	860	1
858	860	1
859	861	2
860	861	0
862	863	3
862	866	0
863	866	0
864	866	0
868	869	4
870	873	0
870	875	0
872	873	0
872	875	0
873	874	1
872	876	1
872	880	1
872	881	1
873	876	1
873	880	1
873	881	1
876	878	0
876	879	0
876	881	4
878	879	1
878	880	1
878	881	1
879	880	1
879	881	1
883	884	2
883	885	1
883	886	1
883	887	1
884	885	1
884	886	1
884	887	1
885	886	1
885	888	0
885	889	0
886	888	0
886	889	0
887	888	0
887	889	0
888	889	0
888	890	0
889	890	4
891	893	0
892	893	0
895	896	0
897	898	0
898	899	1
900	901	0
900	902	4
901	902	1
900	908	0
900	909	0
901	903	1
901	904	1
901	908	0
901	909	0
902	908	0
902	909	0
902	910	0
903	904	1
903	907	3
903	908	0
903	909	0
903	910	0
904	907	3
904	908	0
904	909	0
904	910	0
905	907	3
905	908	0
905	909	0
906	907	3
906	908	0
906	909	0
907	908	0
908	909	1
908	910	1
909	910	1
903	913	0
903	914	0
904	913	0
904	914	0
905	914	0
906	914	0
907	913	2
908	911	1
908	912	1
908	913	1
909	911	1
909	912	1
909	913	1
910	914	0
911	913	0
911	914	0
912	913	0
912	914	0
913	914	0
915	916	1
915	917	1
915	918	1
916	918	1
917	918	1
918	921	3
918	922	0
919	920	0
919	921	3
919	922	0
920	921	3
920	922	0
921	922	0
924	925	3
926	927	0
926	928	0
928	929	2
932	934	2
932	935	2
933	934	2
933	935	2
937	938	2
938	939	3
939	940	2
939	941	2
940	941	3
942	943	3
942	946	1
942	948	3
943	946	1
943	948	3
944	945	2
944	946	1
944	948	3
945	946	1
945	948	3
946	947	0
946	948	3
947	948	3
948	949	2
950	951	0
950	952	0
950	956	0
951	952	0
951	956	0
952	953	1
952	955	3
952	956	0
953	956	0
954	955	3
954	956	0
955	956	0
959	960	1
960	961	0
959	963	0
960	963	0
961	963	0
962	963	0
963	964	1
963	965	1
964	965	0
964	966	0
964	968	0
965	966	0
966	967	1
966	968	1
968	969	3
968	970	1
969	970	1
971	972	1
971	973	1
971	974	1
971	975	2
972	975	0
973	975	0
974	975	0
975	976	0
975	977	3
975	978	3
976	977	3
976	978	3
976	980	1
976	981	1
982	983	2
982	984	2
982	985	1
982	986	1
982	987	1
982	988	1
983	985	1
983	986	1
983	987	1
983	988	1
984	985	1
984	986	1
984	987	1
984	988	1
985	986	1
985	988	1
986	987	0
987	988	1
984	990	1
984	991	1
985	990	1
985	991	1
987	990	1
987	991	1
989	990	1
989	991	1
990	991	1
993	994	1
993	995	1
993	996	1
997	998	2
997	999	2
997	1000	4
997	1001	2
998	1000	3
998	1002	1
999	1000	3
999	1002	1
1000	1001	2
1001	1002	1
1004	1005	1
1004	1006	1
1004	1007	1
1006	1007	4
1004	1008	1
1008	1010	0
1011	1012	1
1011	1015	1
1012	1014	3
1012	1015	1
1013	1014	3
1014	1016	2
1015	1016	0
1017	1018	3
1017	1022	0
1017	1023	0
1018	1022	0
1018	1023	0
1019	1022	0
1019	1023	0
1020	1021	3
1020	1022	0
1020	1023	0
1021	1022	0
1021	1023	0
1022	1024	1
1023	1024	1
1020	1025	1
1022	1025	1
1022	1026	1
1023	1025	1
1023	1026	1
1024	1026	4
1025	1027	3
1025	1028	3
1027	1029	2
1027	1030	2
1029	1030	3
1029	1031	0
1032	1033	1
1032	1034	3
1032	1035	0
1032	1036	3
1033	1034	3
1033	1035	0
1033	1036	3
1034	1035	2
1035	1036	3
1035	1038	0
1036	1038	0
1037	1038	2
1037	1039	2
1038	1039	1
1039	1040	1
1039	1041	1
