1345	1346	1345	1346
1345	1347	1345	1347
1345	1348	1345	1348
1346	1347	1346	1347
1346	1348	1346	1348
1347	1348	1347	1348
1349	1350	1349	1350
1349	1351	1349	1351
1349	1352	1349	1352
1349	1353	1349	1353
1349	1354	1349	1354
1349	1355	1349	1355
1349	1356	1349	1356
1349	1357	1349	1357
1350	1351	1350	1351
1350	1352	1350	1352
1350	1353	1350	1353
1350	1354	1350	1354
1350	1355	1350	1355
1350	1356	1350	1356
1350	1357	1350	1357
1351	1352	1351	1352
1351	1353	1351	1353
1351	1354	1351	1354
1351	1355	1351	1355
1351	1356	1351	1356
1351	1357	1351	1357
1352	1353	1352	1353
1352	1354	1352	1354
1352	1355	1352	1355
1352	1356	1352	1356
1352	1357	1352	1357
1353	1354	1353	1354
1353	1355	1353	1355
1353	1356	1353	1356
1353	1357	1353	1357
1354	1355	1354	1355
1354	1356	1354	1356
1354	1357	1354	1357
1355	1356	1355	1356
1355	1357	1355	1357
1356	1357	1356	1357
1349	1358	1349	1358
1349	1359	1349	1359
1349	1360	1349	1360
1349	1361	1349	1361
1349	1362	1349	1362
1349	1363	1349	1363
1349	1364	1349	1364
1350	1358	1350	1358
1350	1359	1350	1359
1350	1360	1350	1360
1350	1361	1350	1361
1350	1362	1350	1362
1350	1363	1350	1363
1350	1364	1350	1364
1351	1358	1351	1358
1351	1359	1351	1359
1351	1360	1351	1360
1351	1361	1351	1361
1351	1362	1351	1362
1351	1363	1351	1363
1351	1364	1351	1364
1352	1358	1352	1358
1352	1359	1352	1359
1352	1360	1352	1360
1352	1361	1352	1361
1352	1362	1352	1362
1352	1363	1352	1363
1352	1364	1352	1364
1353	1358	1353	1358
1353	1359	1353	1359
1353	1360	1353	1360
1353	1361	1353	1361
1353	1362	1353	1362
1353	1363	1353	1363
1353	1364	1353	1364
1354	1358	1354	1358
1354	1359	1354	1359
1354	1360	1354	1360
1354	1361	1354	1361
1354	1362	1354	1362
1354	1363	1354	1363
1354	1364	1354	1364
1355	1358	1355	1358
1355	1359	1355	1359
1355	1360	1355	1360
1355	1361	1355	1361
1355	1362	1355	1362
1355	1363	1355	1363
1355	1364	1355	1364
1356	1358	1356	1358
1356	1359	1356	1359
1356	1360	1356	1360
1356	1361	1356	1361
1356	1362	1356	1362
1356	1363	1356	1363
1356	1364	1356	1364
1357	1358	1357	1358
1357	1359	1357	1359
1357	1360	1357	1360
1357	1361	1357	1361
1357	1362	1357	1362
1357	1363	1357	1363
1357	1364	1357	1364
1358	1359	1358	1359
1358	1360	1358	1360
1358	1361	1358	1361
1358	1362	1358	1362
1358	1363	1358	1363
1358	1364	1358	1364
1359	1360	1359	1360
1359	1361	1359	1361
1359	1362	1359	1362
1359	1363	1359	1363
1359	1364	1359	1364
1360	1361	1360	1361
1360	1362	1360	1362
1360	1363	1360	1363
1360	1364	1360	1364
1361	1362	1361	1362
1361	1363	1361	1363
1361	1364	1361	1364
1362	1363	1362	1363
1362	1364	1362	1364
1363	1364	1363	1364
1358	1365	1358	1365
1358	1366	1358	1366
1358	1367	1358	1367
1358	1368	1358	1368
1358	1369	1358	1369
1359	1365	1359	1365
1359	1366	1359	1366
1359	1367	1359	1367
1359	1368	1359	1368
1359	1369	1359	1369
1360	1365	1360	1365
1360	1366	1360	1366
1360	1367	1360	1367
1360	1368	1360	1368
1360	1369	1360	1369
1361	1365	1361	1365
1361	1366	1361	1366
1361	1367	1361	1367
1361	1368	1361	1368
1361	1369	1361	1369
1362	1365	1362	1365
1362	1366	1362	1366
1362	1367	1362	1367
1362	1368	1362	1368
1362	1369	1362	1369
1363	1365	1363	1365
1363	1366	1363	1366
1363	1367	1363	1367
1363	1368	1363	1368
1363	1369	1363	1369
1364	1365	1364	1365
1364	1366	1364	1366
1364	1367	1364	1367
1364	1368	1364	1368
1364	1369	1364	1369
1365	1366	1365	1366
1365	1367	1365	1367
1365	1368	1365	1368
1365	1369	1365	1369
1366	1367	1366	1367
1366	1368	1366	1368
1366	1369	1366	1369
1367	1368	1367	1368
1367	1369	1367	1369
1368	1369	1368	1369
1365	1370	1365	1370
1365	1371	1365	1371
1365	1372	1365	1372
1366	1370	1366	1370
1366	1371	1366	1371
1366	1372	1366	1372
1367	1370	1367	1370
1367	1371	1367	1371
1367	1372	1367	1372
1368	1370	1368	1370
1368	1371	1368	1371
1368	1372	1368	1372
1369	1370	1369	1370
1369	1371	1369	1371
1369	1372	1369	1372
1370	1371	1370	1371
1370	1372	1370	1372
1371	1372	1371	1372
1370	1373	1370	1373
1370	1374	1370	1374
1370	1375	1370	1375
1370	1376	1370	1376
1371	1373	1371	1373
1371	1374	1371	1374
1371	1375	1371	1375
1371	1376	1371	1376
1372	1373	1372	1373
1372	1374	1372	1374
1372	1375	1372	1375
1372	1376	1372	1376
1373	1374	1373	1374
1373	1375	1373	1375
1373	1376	1373	1376
1374	1375	1374	1375
1374	1376	1374	1376
1375	1376	1375	1376
1373	1377	1373	1377
1373	1378	1373	1378
1374	1377	1374	1377
1374	1378	1374	1378
1375	1377	1375	1377
1375	1378	1375	1378
1376	1377	1376	1377
1376	1378	1376	1378
1377	1378	1377	1378
1377	1379	1377	1379
1377	1380	1377	1380
1377	1381	1377	1381
1378	1379	1378	1379
1378	1380	1378	1380
1378	1381	1378	1381
1379	1380	1379	1380
1379	1381	1379	1381
1380	1381	1380	1381
1379	1382	1379	1382
1379	1383	1379	1383
1380	1382	1380	1382
1380	1383	1380	1383
1381	1382	1381	1382
1381	1383	1381	1383
1382	1383	1382	1383
1382	1384	1382	1384
1382	1385	1382	1385
1382	1386	1382	1386
1382	1387	1382	1387
1382	1388	1382	1388
1383	1384	1383	1384
1383	1385	1383	1385
1383	1386	1383	1386
1383	1387	1383	1387
1383	1388	1383	1388
1384	1385	1384	1385
1384	1386	1384	1386
1384	1387	1384	1387
1384	1388	1384	1388
1385	1386	1385	1386
1385	1387	1385	1387
1385	1388	1385	1388
1386	1387	1386	1387
1386	1388	1386	1388
1387	1388	1387	1388
1384	1389	1384	1389
1384	1390	1384	1390
1384	1391	1384	1391
1384	1392	1384	1392
1384	1393	1384	1393
1384	1394	1384	1394
1385	1389	1385	1389
1385	1390	1385	1390
1385	1391	1385	1391
1385	1392	1385	1392
1385	1393	1385	1393
1385	1394	1385	1394
1386	1389	1386	1389
1386	1390	1386	1390
1386	1391	1386	1391
1386	1392	1386	1392
1386	1393	1386	1393
1386	1394	1386	1394
1387	1389	1387	1389
1387	1390	1387	1390
1387	1391	1387	1391
1387	1392	1387	1392
1387	1393	1387	1393
1387	1394	1387	1394
1388	1389	1388	1389
1388	1390	1388	1390
1388	1391	1388	1391
1388	1392	1388	1392
1388	1393	1388	1393
1388	1394	1388	1394
1389	1390	1389	1390
1389	1391	1389	1391
1389	1392	1389	1392
1389	1393	1389	1393
1389	1394	1389	1394
1390	1391	1390	1391
1390	1392	1390	1392
1390	1393	1390	1393
1390	1394	1390	1394
1391	1392	1391	1392
1391	1393	1391	1393
1391	1394	1391	1394
1392	1393	1392	1393
1392	1394	1392	1394
1393	1394	1393	1394
1389	1395	1389	1395
1389	1396	1389	1396
1390	1395	1390	1395
1390	1396	1390	1396
1391	1395	1391	1395
1391	1396	1391	1396
1392	1395	1392	1395
1392	1396	1392	1396
1393	1395	1393	1395
1393	1396	1393	1396
1394	1395	1394	1395
1394	1396	1394	1396
1395	1396	1395	1396
1395	1397	1395	1397
1395	1398	1395	1398
1395	1399	1395	1399
1395	1400	1395	1400
1395	1401	1395	1401
1395	1402	1395	1402
1396	1397	1396	1397
1396	1398	1396	1398
1396	1399	1396	1399
1396	1400	1396	1400
1396	1401	1396	1401
1396	1402	1396	1402
1397	1398	1397	1398
1397	1399	1397	1399
1397	1400	1397	1400
1397	1401	1397	1401
1397	1402	1397	1402
1398	1399	1398	1399
1398	1400	1398	1400
1398	1401	1398	1401
1398	1402	1398	1402
1399	1400	1399	1400
1399	1401	1399	1401
1399	1402	1399	1402
1400	1401	1400	1401
1400	1402	1400	1402
1401	1402	1401	1402
1212	1213	1212	1213
1212	1214	1212	1214
1213	1214	1213	1214
1212	1215	1212	1215
1213	1215	1213	1215
1214	1215	1214	1215
1215	1216	1215	1216
1215	1217	1215	1217
1215	1218	1215	1218
1216	1217	1216	1217
1216	1218	1216	1218
1217	1218	1217	1218
1216	1219	1216	1219
1216	1220	1216	1220
1216	1221	1216	1221
1216	1222	1216	1222
1216	1223	1216	1223
1217	1219	1217	1219
1217	1220	1217	1220
1217	1221	1217	1221
1217	1222	1217	1222
1217	1223	1217	1223
1218	1219	1218	1219
1218	1220	1218	1220
1218	1221	1218	1221
1218	1222	1218	1222
1218	1223	1218	1223
1219	1220	1219	1220
1219	1221	1219	1221
1219	1222	1219	1222
1219	1223	1219	1223
1220	1221	1220	1221
1220	1222	1220	1222
1220	1223	1220	1223
1221	1222	1221	1222
1221	1223	1221	1223
1222	1223	1222	1223
1219	1224	1219	1224
1220	1224	1220	1224
1221	1224	1221	1224
1222	1224	1222	1224
1223	1224	1223	1224
1224	1225	1224	1225
1225	1226	1225	1226
1225	1227	1225	1227
1226	1227	1226	1227
1226	1228	1226	1228
1226	1229	1226	1229
1227	1228	1227	1228
1227	1229	1227	1229
1228	1229	1228	1229
1228	1230	1228	1230
1228	1231	1228	1231
1229	1230	1229	1230
1229	1231	1229	1231
1230	1231	1230	1231
1230	1232	1230	1232
1231	1232	1231	1232
1232	1233	1232	1233
1232	1234	1232	1234
1232	1235	1232	1235
1232	1236	1232	1236
1232	1237	1232	1237
1232	1238	1232	1238
1233	1234	1233	1234
1233	1235	1233	1235
1233	1236	1233	1236
1233	1237	1233	1237
1233	1238	1233	1238
1234	1235	1234	1235
1234	1236	1234	1236
1234	1237	1234	1237
1234	1238	1234	1238
1235	1236	1235	1236
1235	1237	1235	1237
1235	1238	1235	1238
1236	1237	1236	1237
1236	1238	1236	1238
1237	1238	1237	1238
1233	1239	1233	1239
1233	1240	1233	1240
1233	1241	1233	1241
1233	1242	1233	1242
1233	1243	1233	1243
1233	1244	1233	1244
1233	1245	1233	1245
1234	1239	1234	1239
1234	1240	1234	1240
1234	1241	1234	1241
1234	1242	1234	1242
1234	1243	1234	1243
1234	1244	1234	1244
1234	1245	1234	1245
1235	1239	1235	1239
1235	1240	1235	1240
1235	1241	1235	1241
1235	1242	1235	1242
1235	1243	1235	1243
1235	1244	1235	1244
1235	1245	1235	1245
1236	1239	1236	1239
1236	1240	1236	1240
1236	1241	1236	1241
1236	1242	1236	1242
1236	1243	1236	1243
1236	1244	1236	1244
1236	1245	1236	1245
1237	1239	1237	1239
1237	1240	1237	1240
1237	1241	1237	1241
1237	1242	1237	1242
1237	1243	1237	1243
1237	1244	1237	1244
1237	1245	1237	1245
1238	1239	1238	1239
1238	1240	1238	1240
1238	1241	1238	1241
1238	1242	1238	1242
1238	1243	1238	1243
1238	1244	1238	1244
1238	1245	1238	1245
1239	1240	1239	1240
1239	1241	1239	1241
1239	1242	1239	1242
1239	1243	1239	1243
1239	1244	1239	1244
1239	1245	1239	1245
1240	1241	1240	1241
1240	1242	1240	1242
1240	1243	1240	1243
1240	1244	1240	1244
1240	1245	1240	1245
1241	1242	1241	1242
1241	1243	1241	1243
1241	1244	1241	1244
1241	1245	1241	1245
1242	1243	1242	1243
1242	1244	1242	1244
1242	1245	1242	1245
1243	1244	1243	1244
1243	1245	1243	1245
1244	1245	1244	1245
1239	1246	1239	1246
1239	1247	1239	1247
1239	1248	1239	1248
1239	1249	1239	1249
1240	1246	1240	1246
1240	1247	1240	1247
1240	1248	1240	1248
1240	1249	1240	1249
1241	1246	1241	1246
1241	1247	1241	1247
1241	1248	1241	1248
1241	1249	1241	1249
1242	1246	1242	1246
1242	1247	1242	1247
1242	1248	1242	1248
1242	1249	1242	1249
1243	1246	1243	1246
1243	1247	1243	1247
1243	1248	1243	1248
1243	1249	1243	1249
1244	1246	1244	1246
1244	1247	1244	1247
1244	1248	1244	1248
1244	1249	1244	1249
1245	1246	1245	1246
1245	1247	1245	1247
1245	1248	1245	1248
1245	1249	1245	1249
1246	1247	1246	1247
1246	1248	1246	1248
1246	1249	1246	1249
1247	1248	1247	1248
1247	1249	1247	1249
1248	1249	1248	1249
1246	1250	1246	1250
1246	1251	1246	1251
1247	1250	1247	1250
1247	1251	1247	1251
1248	1250	1248	1250
1248	1251	1248	1251
1249	1250	1249	1250
1249	1251	1249	1251
1250	1251	1250	1251
1250	1252	1250	1252
1250	1253	1250	1253
1250	1254	1250	1254
1251	1252	1251	1252
1251	1253	1251	1253
1251	1254	1251	1254
1252	1253	1252	1253
1252	1254	1252	1254
1253	1254	1253	1254
1252	1255	1252	1255
1252	1256	1252	1256
1252	1257	1252	1257
1253	1255	1253	1255
1253	1256	1253	1256
1253	1257	1253	1257
1254	1255	1254	1255
1254	1256	1254	1256
1254	1257	1254	1257
1255	1256	1255	1256
1255	1257	1255	1257
1256	1257	1256	1257
1255	1258	1255	1258
1255	1259	1255	1259
1256	1258	1256	1258
1256	1259	1256	1259
1257	1258	1257	1258
1257	1259	1257	1259
1258	1259	1258	1259
1258	1260	1258	1260
1258	1261	1258	1261
1259	1260	1259	1260
1259	1261	1259	1261
1260	1261	1260	1261
1260	1262	1260	1262
1260	1263	1260	1263
1261	1262	1261	1262
1261	1263	1261	1263
1262	1263	1262	1263
1262	1264	1262	1264
1262	1265	1262	1265
1262	1266	1262	1266
1262	1267	1262	1267
1262	1268	1262	1268
1263	1264	1263	1264
1263	1265	1263	1265
1263	1266	1263	1266
1263	1267	1263	1267
1263	1268	1263	1268
1264	1265	1264	1265
1264	1266	1264	1266
1264	1267	1264	1267
1264	1268	1264	1268
1265	1266	1265	1266
1265	1267	1265	1267
1265	1268	1265	1268
1266	1267	1266	1267
1266	1268	1266	1268
1267	1268	1267	1268
1264	1269	1264	1269
1264	1270	1264	1270
1264	1271	1264	1271
1265	1269	1265	1269
1265	1270	1265	1270
1265	1271	1265	1271
1266	1269	1266	1269
1266	1270	1266	1270
1266	1271	1266	1271
1267	1269	1267	1269
1267	1270	1267	1270
1267	1271	1267	1271
1268	1269	1268	1269
1268	1270	1268	1270
1268	1271	1268	1271
1269	1270	1269	1270
1269	1271	1269	1271
1270	1271	1270	1271
1269	1272	1269	1272
1269	1273	1269	1273
1270	1272	1270	1272
1270	1273	1270	1273
1271	1272	1271	1272
1271	1273	1271	1273
1272	1273	1272	1273
1272	1274	1272	1274
1272	1275	1272	1275
1272	1276	1272	1276
1272	1277	1272	1277
1272	1278	1272	1278
1273	1274	1273	1274
1273	1275	1273	1275
1273	1276	1273	1276
1273	1277	1273	1277
1273	1278	1273	1278
1274	1275	1274	1275
1274	1276	1274	1276
1274	1277	1274	1277
1274	1278	1274	1278
1275	1276	1275	1276
1275	1277	1275	1277
1275	1278	1275	1278
1276	1277	1276	1277
1276	1278	1276	1278
1277	1278	1277	1278
1274	1279	1274	1279
1274	1280	1274	1280
1274	1281	1274	1281
1275	1279	1275	1279
1275	1280	1275	1280
1275	1281	1275	1281
1276	1279	1276	1279
1276	1280	1276	1280
1276	1281	1276	1281
1277	1279	1277	1279
1277	1280	1277	1280
1277	1281	1277	1281
1278	1279	1278	1279
1278	1280	1278	1280
1278	1281	1278	1281
1279	1280	1279	1280
1279	1281	1279	1281
1280	1281	1280	1281
1403	1404	1403	1404
1403	1405	1403	1405
1403	1406	1403	1406
1403	1407	1403	1407
1403	1408	1403	1408
1403	1409	1403	1409
1404	1405	1404	1405
1404	1406	1404	1406
1404	1407	1404	1407
1404	1408	1404	1408
1404	1409	1404	1409
1405	1406	1405	1406
1405	1407	1405	1407
1405	1408	1405	1408
1405	1409	1405	1409
1406	1407	1406	1407
1406	1408	1406	1408
1406	1409	1406	1409
1407	1408	1407	1408
1407	1409	1407	1409
1408	1409	1408	1409
1403	1410	1403	1410
1403	1411	1403	1411
1403	1412	1403	1412
1403	1413	1403	1413
1403	1414	1403	1414
1404	1410	1404	1410
1404	1411	1404	1411
1404	1412	1404	1412
1404	1413	1404	1413
1404	1414	1404	1414
1405	1410	1405	1410
1405	1411	1405	1411
1405	1412	1405	1412
1405	1413	1405	1413
1405	1414	1405	1414
1406	1410	1406	1410
1406	1411	1406	1411
1406	1412	1406	1412
1406	1413	1406	1413
1406	1414	1406	1414
1407	1410	1407	1410
1407	1411	1407	1411
1407	1412	1407	1412
1407	1413	1407	1413
1407	1414	1407	1414
1408	1410	1408	1410
1408	1411	1408	1411
1408	1412	1408	1412
1408	1413	1408	1413
1408	1414	1408	1414
1409	1410	1409	1410
1409	1411	1409	1411
1409	1412	1409	1412
1409	1413	1409	1413
1409	1414	1409	1414
1410	1411	1410	1411
1410	1412	1410	1412
1410	1413	1410	1413
1410	1414	1410	1414
1411	1412	1411	1412
1411	1413	1411	1413
1411	1414	1411	1414
1412	1413	1412	1413
1412	1414	1412	1414
1413	1414	1413	1414
1410	1415	1410	1415
1411	1415	1411	1415
1412	1415	1412	1415
1413	1415	1413	1415
1414	1415	1414	1415
1415	1416	1415	1416
1415	1417	1415	1417
1415	1418	1415	1418
1415	1419	1415	1419
1416	1417	1416	1417
1416	1418	1416	1418
1416	1419	1416	1419
1416	1420	1416	1420
1416	1421	1416	1421
1416	1422	1416	1422
1417	1418	1417	1418
1417	1419	1417	1419
1418	1419	1418	1419
1417	1420	1417	1420
1417	1421	1417	1421
1417	1422	1417	1422
1418	1420	1418	1420
1418	1421	1418	1421
1418	1422	1418	1422
1419	1420	1419	1420
1419	1421	1419	1421
1419	1422	1419	1422
1420	1421	1420	1421
1420	1422	1420	1422
1421	1422	1421	1422
1420	1423	1420	1423
1420	1424	1420	1424
1420	1425	1420	1425
1421	1423	1421	1423
1421	1424	1421	1424
1421	1425	1421	1425
1422	1423	1422	1423
1422	1424	1422	1424
1422	1425	1422	1425
1423	1424	1423	1424
1423	1425	1423	1425
1424	1425	1424	1425
1423	1426	1423	1426
1423	1427	1423	1427
1423	1428	1423	1428
1423	1429	1423	1429
1423	1430	1423	1430
1423	1431	1423	1431
1423	1432	1423	1432
1423	1433	1423	1433
1424	1426	1424	1426
1424	1427	1424	1427
1424	1428	1424	1428
1424	1429	1424	1429
1424	1430	1424	1430
1424	1431	1424	1431
1424	1432	1424	1432
1424	1433	1424	1433
1425	1426	1425	1426
1425	1427	1425	1427
1425	1428	1425	1428
1425	1429	1425	1429
1425	1430	1425	1430
1425	1431	1425	1431
1425	1432	1425	1432
1425	1433	1425	1433
1426	1427	1426	1427
1426	1428	1426	1428
1426	1429	1426	1429
1426	1430	1426	1430
1426	1431	1426	1431
1426	1432	1426	1432
1426	1433	1426	1433
1427	1428	1427	1428
1427	1429	1427	1429
1427	1430	1427	1430
1427	1431	1427	1431
1427	1432	1427	1432
1427	1433	1427	1433
1428	1429	1428	1429
1428	1430	1428	1430
1428	1431	1428	1431
1428	1432	1428	1432
1428	1433	1428	1433
1429	1430	1429	1430
1429	1431	1429	1431
1429	1432	1429	1432
1429	1433	1429	1433
1430	1431	1430	1431
1430	1432	1430	1432
1430	1433	1430	1433
1431	1432	1431	1432
1431	1433	1431	1433
1432	1433	1432	1433
1426	1434	1426	1434
1426	1435	1426	1435
1426	1436	1426	1436
1426	1437	1426	1437
1426	1438	1426	1438
1427	1434	1427	1434
1427	1435	1427	1435
1427	1436	1427	1436
1427	1437	1427	1437
1427	1438	1427	1438
1428	1434	1428	1434
1428	1435	1428	1435
1428	1436	1428	1436
1428	1437	1428	1437
1428	1438	1428	1438
1429	1434	1429	1434
1429	1435	1429	1435
1429	1436	1429	1436
1429	1437	1429	1437
1429	1438	1429	1438
1430	1434	1430	1434
1430	1435	1430	1435
1430	1436	1430	1436
1430	1437	1430	1437
1430	1438	1430	1438
1431	1434	1431	1434
1431	1435	1431	1435
1431	1436	1431	1436
1431	1437	1431	1437
1431	1438	1431	1438
1432	1434	1432	1434
1432	1435	1432	1435
1432	1436	1432	1436
1432	1437	1432	1437
1432	1438	1432	1438
1433	1434	1433	1434
1433	1435	1433	1435
1433	1436	1433	1436
1433	1437	1433	1437
1433	1438	1433	1438
1434	1435	1434	1435
1434	1436	1434	1436
1434	1437	1434	1437
1434	1438	1434	1438
1435	1436	1435	1436
1435	1437	1435	1437
1435	1438	1435	1438
1436	1437	1436	1437
1436	1438	1436	1438
1437	1438	1437	1438
1434	1439	1434	1439
1434	1440	1434	1440
1435	1439	1435	1439
1435	1440	1435	1440
1436	1439	1436	1439
1436	1440	1436	1440
1437	1439	1437	1439
1437	1440	1437	1440
1438	1439	1438	1439
1438	1440	1438	1440
1439	1440	1439	1440
1439	1441	1439	1441
1439	1442	1439	1442
1439	1443	1439	1443
1440	1441	1440	1441
1440	1442	1440	1442
1440	1443	1440	1443
1441	1442	1441	1442
1441	1443	1441	1443
1442	1443	1442	1443
1441	1444	1441	1444
1441	1445	1441	1445
1442	1444	1442	1444
1442	1445	1442	1445
1443	1444	1443	1444
1443	1445	1443	1445
1444	1445	1444	1445
1183	1184	1183	1184
1183	1185	1183	1185
1184	1185	1184	1185
1183	1186	1183	1186
1183	1187	1183	1187
1183	1188	1183	1188
1183	1189	1183	1189
1183	1190	1183	1190
1184	1186	1184	1186
1184	1187	1184	1187
1184	1188	1184	1188
1184	1189	1184	1189
1184	1190	1184	1190
1185	1186	1185	1186
1185	1187	1185	1187
1185	1188	1185	1188
1185	1189	1185	1189
1185	1190	1185	1190
1186	1187	1186	1187
1186	1188	1186	1188
1186	1189	1186	1189
1186	1190	1186	1190
1187	1188	1187	1188
1187	1189	1187	1189
1187	1190	1187	1190
1188	1189	1188	1189
1188	1190	1188	1190
1189	1190	1189	1190
1186	1191	1186	1191
1186	1192	1186	1192
1186	1193	1186	1193
1186	1194	1186	1194
1186	1195	1186	1195
1186	1196	1186	1196
1187	1191	1187	1191
1187	1192	1187	1192
1187	1193	1187	1193
1187	1194	1187	1194
1187	1195	1187	1195
1187	1196	1187	1196
1188	1191	1188	1191
1188	1192	1188	1192
1188	1193	1188	1193
1188	1194	1188	1194
1188	1195	1188	1195
1188	1196	1188	1196
1189	1191	1189	1191
1189	1192	1189	1192
1189	1193	1189	1193
1189	1194	1189	1194
1189	1195	1189	1195
1189	1196	1189	1196
1190	1191	1190	1191
1190	1192	1190	1192
1190	1193	1190	1193
1190	1194	1190	1194
1190	1195	1190	1195
1190	1196	1190	1196
1191	1192	1191	1192
1191	1193	1191	1193
1191	1194	1191	1194
1191	1195	1191	1195
1191	1196	1191	1196
1192	1193	1192	1193
1192	1194	1192	1194
1192	1195	1192	1195
1192	1196	1192	1196
1193	1194	1193	1194
1193	1195	1193	1195
1193	1196	1193	1196
1194	1195	1194	1195
1194	1196	1194	1196
1195	1196	1195	1196
1191	1197	1191	1197
1191	1198	1191	1198
1192	1197	1192	1197
1192	1198	1192	1198
1193	1197	1193	1197
1193	1198	1193	1198
1194	1197	1194	1197
1194	1198	1194	1198
1195	1197	1195	1197
1195	1198	1195	1198
1196	1197	1196	1197
1196	1198	1196	1198
1197	1198	1197	1198
1197	1199	1197	1199
1197	1200	1197	1200
1197	1201	1197	1201
1198	1199	1198	1199
1198	1200	1198	1200
1198	1201	1198	1201
1199	1200	1199	1200
1199	1201	1199	1201
1200	1201	1200	1201
1199	1202	1199	1202
1199	1203	1199	1203
1199	1204	1199	1204
1199	1205	1199	1205
1199	1206	1199	1206
1200	1202	1200	1202
1200	1203	1200	1203
1200	1204	1200	1204
1200	1205	1200	1205
1200	1206	1200	1206
1201	1202	1201	1202
1201	1203	1201	1203
1201	1204	1201	1204
1201	1205	1201	1205
1201	1206	1201	1206
1202	1203	1202	1203
1202	1204	1202	1204
1202	1205	1202	1205
1202	1206	1202	1206
1203	1204	1203	1204
1203	1205	1203	1205
1203	1206	1203	1206
1204	1205	1204	1205
1204	1206	1204	1206
1205	1206	1205	1206
1202	1207	1202	1207
1202	1208	1202	1208
1202	1209	1202	1209
1202	1210	1202	1210
1203	1207	1203	1207
1203	1208	1203	1208
1203	1209	1203	1209
1203	1210	1203	1210
1204	1207	1204	1207
1204	1208	1204	1208
1204	1209	1204	1209
1204	1210	1204	1210
1205	1207	1205	1207
1205	1208	1205	1208
1205	1209	1205	1209
1205	1210	1205	1210
1206	1207	1206	1207
1206	1208	1206	1208
1206	1209	1206	1209
1206	1210	1206	1210
1207	1208	1207	1208
1207	1209	1207	1209
1207	1210	1207	1210
1208	1209	1208	1209
1208	1210	1208	1210
1209	1210	1209	1210
1207	1211	1207	1211
1208	1211	1208	1211
1209	1211	1209	1211
1210	1211	1210	1211
1473	1474	1473	1474
1474	1475	1474	1475
1475	1476	1475	1476
1475	1477	1475	1477
1476	1477	1476	1477
1476	1478	1476	1478
1476	1479	1476	1479
1476	1480	1476	1480
1476	1481	1476	1481
1476	1482	1476	1482
1477	1478	1477	1478
1477	1479	1477	1479
1477	1480	1477	1480
1477	1481	1477	1481
1477	1482	1477	1482
1478	1479	1478	1479
1478	1480	1478	1480
1478	1481	1478	1481
1478	1482	1478	1482
1479	1480	1479	1480
1479	1481	1479	1481
1479	1482	1479	1482
1480	1481	1480	1481
1480	1482	1480	1482
1481	1482	1481	1482
1478	1483	1478	1483
1478	1484	1478	1484
1478	1485	1478	1485
1478	1486	1478	1486
1478	1487	1478	1487
1478	1488	1478	1488
1479	1483	1479	1483
1479	1484	1479	1484
1479	1485	1479	1485
1479	1486	1479	1486
1479	1487	1479	1487
1479	1488	1479	1488
1480	1483	1480	1483
1480	1484	1480	1484
1480	1485	1480	1485
1480	1486	1480	1486
1480	1487	1480	1487
1480	1488	1480	1488
1481	1483	1481	1483
1481	1484	1481	1484
1481	1485	1481	1485
1481	1486	1481	1486
1481	1487	1481	1487
1481	1488	1481	1488
1482	1483	1482	1483
1482	1484	1482	1484
1482	1485	1482	1485
1482	1486	1482	1486
1482	1487	1482	1487
1482	1488	1482	1488
1483	1484	1483	1484
1483	1485	1483	1485
1483	1486	1483	1486
1483	1487	1483	1487
1483	1488	1483	1488
1484	1485	1484	1485
1484	1486	1484	1486
1484	1487	1484	1487
1484	1488	1484	1488
1485	1486	1485	1486
1485	1487	1485	1487
1485	1488	1485	1488
1486	1487	1486	1487
1486	1488	1486	1488
1487	1488	1487	1488
1483	1489	1483	1489
1483	1490	1483	1490
1483	1491	1483	1491
1483	1492	1483	1492
1483	1493	1483	1493
1484	1489	1484	1489
1484	1490	1484	1490
1484	1491	1484	1491
1484	1492	1484	1492
1484	1493	1484	1493
1485	1489	1485	1489
1485	1490	1485	1490
1485	1491	1485	1491
1485	1492	1485	1492
1485	1493	1485	1493
1486	1489	1486	1489
1486	1490	1486	1490
1486	1491	1486	1491
1486	1492	1486	1492
1486	1493	1486	1493
1487	1489	1487	1489
1487	1490	1487	1490
1487	1491	1487	1491
1487	1492	1487	1492
1487	1493	1487	1493
1488	1489	1488	1489
1488	1490	1488	1490
1488	1491	1488	1491
1488	1492	1488	1492
1488	1493	1488	1493
1489	1490	1489	1490
1489	1491	1489	1491
1489	1492	1489	1492
1489	1493	1489	1493
1490	1491	1490	1491
1490	1492	1490	1492
1490	1493	1490	1493
1491	1492	1491	1492
1491	1493	1491	1493
1492	1493	1492	1493
1446	1447	1446	1447
1446	1448	1446	1448
1446	1449	1446	1449
1447	1448	1447	1448
1447	1449	1447	1449
1448	1449	1448	1449
1450	1451	1450	1451
1450	1452	1450	1452
1450	1453	1450	1453
1450	1454	1450	1454
1451	1452	1451	1452
1451	1453	1451	1453
1451	1454	1451	1454
1452	1453	1452	1453
1452	1454	1452	1454
1453	1454	1453	1454
1450	1455	1450	1455
1450	1456	1450	1456
1451	1455	1451	1455
1451	1456	1451	1456
1452	1455	1452	1455
1452	1456	1452	1456
1453	1455	1453	1455
1453	1456	1453	1456
1454	1455	1454	1455
1454	1456	1454	1456
1455	1456	1455	1456
1455	1457	1455	1457
1455	1458	1455	1458
1456	1457	1456	1457
1456	1458	1456	1458
1457	1458	1457	1458
1457	1459	1457	1459
1457	1460	1457	1460
1457	1461	1457	1461
1458	1459	1458	1459
1458	1460	1458	1460
1458	1461	1458	1461
1459	1460	1459	1460
1459	1461	1459	1461
1460	1461	1460	1461
1459	1462	1459	1462
1459	1463	1459	1463
1459	1464	1459	1464
1459	1465	1459	1465
1459	1466	1459	1466
1460	1462	1460	1462
1460	1463	1460	1463
1460	1464	1460	1464
1460	1465	1460	1465
1460	1466	1460	1466
1461	1462	1461	1462
1461	1463	1461	1463
1461	1464	1461	1464
1461	1465	1461	1465
1461	1466	1461	1466
1462	1463	1462	1463
1462	1464	1462	1464
1462	1465	1462	1465
1462	1466	1462	1466
1463	1464	1463	1464
1463	1465	1463	1465
1463	1466	1463	1466
1464	1465	1464	1465
1464	1466	1464	1466
1465	1466	1465	1466
1462	1467	1462	1467
1462	1468	1462	1468
1462	1469	1462	1469
1462	1470	1462	1470
1462	1471	1462	1471
1462	1472	1462	1472
1463	1467	1463	1467
1463	1468	1463	1468
1463	1469	1463	1469
1463	1470	1463	1470
1463	1471	1463	1471
1463	1472	1463	1472
1464	1467	1464	1467
1464	1468	1464	1468
1464	1469	1464	1469
1464	1470	1464	1470
1464	1471	1464	1471
1464	1472	1464	1472
1465	1467	1465	1467
1465	1468	1465	1468
1465	1469	1465	1469
1465	1470	1465	1470
1465	1471	1465	1471
1465	1472	1465	1472
1466	1467	1466	1467
1466	1468	1466	1468
1466	1469	1466	1469
1466	1470	1466	1470
1466	1471	1466	1471
1466	1472	1466	1472
1467	1468	1467	1468
1467	1469	1467	1469
1467	1470	1467	1470
1467	1471	1467	1471
1467	1472	1467	1472
1468	1469	1468	1469
1468	1470	1468	1470
1468	1471	1468	1471
1468	1472	1468	1472
1469	1470	1469	1470
1469	1471	1469	1471
1469	1472	1469	1472
1470	1471	1470	1471
1470	1472	1470	1472
1471	1472	1471	1472
1282	1283	1282	1283
1282	1284	1282	1284
1282	1285	1282	1285
1283	1284	1283	1284
1283	1285	1283	1285
1284	1285	1284	1285
1282	1286	1282	1286
1282	1287	1282	1287
1282	1288	1282	1288
1282	1289	1282	1289
1283	1286	1283	1286
1283	1287	1283	1287
1283	1288	1283	1288
1283	1289	1283	1289
1284	1286	1284	1286
1284	1287	1284	1287
1284	1288	1284	1288
1284	1289	1284	1289
1285	1286	1285	1286
1285	1287	1285	1287
1285	1288	1285	1288
1285	1289	1285	1289
1286	1287	1286	1287
1286	1288	1286	1288
1286	1289	1286	1289
1287	1288	1287	1288
1287	1289	1287	1289
1288	1289	1288	1289
1286	1290	1286	1290
1286	1291	1286	1291
1286	1292	1286	1292
1287	1290	1287	1290
1287	1291	1287	1291
1287	1292	1287	1292
1288	1290	1288	1290
1288	1291	1288	1291
1288	1292	1288	1292
1289	1290	1289	1290
1289	1291	1289	1291
1289	1292	1289	1292
1290	1291	1290	1291
1290	1292	1290	1292
1291	1292	1291	1292
1290	1293	1290	1293
1291	1293	1291	1293
1292	1293	1292	1293
1294	1295	1294	1295
1294	1296	1294	1296
1294	1297	1294	1297
1295	1296	1295	1296
1295	1297	1295	1297
1296	1297	1296	1297
1294	1298	1294	1298
1294	1299	1294	1299
1294	1300	1294	1300
1295	1298	1295	1298
1295	1299	1295	1299
1295	1300	1295	1300
1296	1298	1296	1298
1296	1299	1296	1299
1296	1300	1296	1300
1297	1298	1297	1298
1297	1299	1297	1299
1297	1300	1297	1300
1298	1299	1298	1299
1298	1300	1298	1300
1299	1300	1299	1300
1298	1301	1298	1301
1298	1302	1298	1302
1298	1303	1298	1303
1298	1304	1298	1304
1298	1305	1298	1305
1298	1306	1298	1306
1299	1301	1299	1301
1299	1302	1299	1302
1299	1303	1299	1303
1299	1304	1299	1304
1299	1305	1299	1305
1299	1306	1299	1306
1300	1301	1300	1301
1300	1302	1300	1302
1300	1303	1300	1303
1300	1304	1300	1304
1300	1305	1300	1305
1300	1306	1300	1306
1301	1302	1301	1302
1301	1303	1301	1303
1301	1304	1301	1304
1301	1305	1301	1305
1301	1306	1301	1306
1302	1303	1302	1303
1302	1304	1302	1304
1302	1305	1302	1305
1302	1306	1302	1306
1303	1304	1303	1304
1303	1305	1303	1305
1303	1306	1303	1306
1304	1305	1304	1305
1304	1306	1304	1306
1305	1306	1305	1306
1307	1308	1307	1308
1307	1309	1307	1309
1308	1309	1308	1309
1307	1310	1307	1310
1308	1310	1308	1310
1309	1310	1309	1310
1310	1311	1310	1311
1311	1312	1311	1312
1312	1313	1312	1313
1313	1314	1313	1314
1314	1315	1314	1315
1314	1316	1314	1316
1315	1316	1315	1316
1315	1317	1315	1317
1315	1318	1315	1318
1315	1319	1315	1319
1316	1317	1316	1317
1316	1318	1316	1318
1316	1319	1316	1319
1317	1318	1317	1318
1317	1319	1317	1319
1318	1319	1318	1319
1317	1320	1317	1320
1317	1321	1317	1321
1318	1320	1318	1320
1318	1321	1318	1321
1319	1320	1319	1320
1319	1321	1319	1321
1320	1321	1320	1321
1320	1322	1320	1322
1320	1323	1320	1323
1320	1324	1320	1324
1320	1325	1320	1325
1321	1322	1321	1322
1321	1323	1321	1323
1321	1324	1321	1324
1321	1325	1321	1325
1322	1323	1322	1323
1322	1324	1322	1324
1322	1325	1322	1325
1323	1324	1323	1324
1323	1325	1323	1325
1324	1325	1324	1325
1326	1327	1326	1327
1326	1328	1326	1328
1326	1329	1326	1329
1327	1328	1327	1328
1327	1329	1327	1329
1328	1329	1328	1329
1328	1330	1328	1330
1328	1331	1328	1331
1329	1330	1329	1330
1329	1331	1329	1331
1330	1331	1330	1331
1330	1332	1330	1332
1331	1332	1331	1332
1332	1333	1332	1333
1333	1334	1333	1334
1333	1335	1333	1335
1334	1335	1334	1335
1336	1337	1336	1337
1336	1338	1336	1338
1337	1338	1337	1338
1336	1339	1336	1339
1336	1340	1336	1340
1337	1339	1337	1339
1337	1340	1337	1340
1338	1339	1338	1339
1338	1340	1338	1340
1339	1340	1339	1340
1341	1342	1341	1342
1341	1343	1341	1343
1341	1344	1341	1344
1342	1343	1342	1343
1342	1344	1342	1344
1343	1344	1343	1344
